3.222102066501975060e-03
3.010110463947057724e-03
3.643244272097945213e-04
1.209293041029013693e-04
5.487404996529221535e-04
4.482332151383161545e-04
1.492727780714631081e-03
9.432421938981860876e-05
3.498766454868018627e-04
4.805991193279623985e-05
2.403926628176122904e-04
2.233241684734821320e-04
1.104177717934362590e-04
5.852479371242225170e-04
2.940605336334556341e-04
7.494049350498244166e-05
7.637710659764707088e-04
3.903379256371408701e-04
1.332682149950414896e-04
9.150264086201786995e-04
3.761635452974587679e-04
1.365247444482520223e-04
2.374366522417403758e-05
8.784318197285756469e-05
1.373631093883886933e-04
1.632232451811432838e-04
2.283077919855713844e-04
2.771475992631167173e-04
2.167146012652665377e-04
8.623722824268043041e-04
