9.936234354972839355e-01
9.928466081619262695e-01
9.915200471878051758e-01
9.929906725883483887e-01
9.843364357948303223e-01
9.926533699035644531e-01
9.823539853096008301e-01
9.816446900367736816e-01
9.856337904930114746e-01
9.910618662834167480e-01
9.939362406730651855e-01
9.937693476676940918e-01
9.939311146736145020e-01
9.882561564445495605e-01
9.923645257949829102e-01
9.926987290382385254e-01
9.943647980690002441e-01
9.789801239967346191e-01
9.921431541442871094e-01
9.864814877510070801e-01
9.938625693321228027e-01
9.941540956497192383e-01
9.789562821388244629e-01
9.770070910453796387e-01
9.669795632362365723e-01
9.936906099319458008e-01
9.929669499397277832e-01
9.941883683204650879e-01
9.931346178054809570e-01
9.918178915977478027e-01
9.822522997856140137e-01
9.718903303146362305e-01
9.934679865837097168e-01
9.940332770347595215e-01
9.944271445274353027e-01
9.761022329330444336e-01
9.937554001808166504e-01
9.945340752601623535e-01
9.920085072517395020e-01
9.945729374885559082e-01
9.944867491722106934e-01
9.942749142646789551e-01
9.927180409431457520e-01
9.936366677284240723e-01
9.939337968826293945e-01
9.907057285308837891e-01
9.788003563880920410e-01
9.740658402442932129e-01
9.849113821983337402e-01
9.919558167457580566e-01
9.938464760780334473e-01
9.928867220878601074e-01
9.903756380081176758e-01
9.835267066955566406e-01
9.935186505317687988e-01
9.921937584877014160e-01
9.731202721595764160e-01
9.856934547424316406e-01
9.640045166015625000e-01
9.872745871543884277e-01
9.930116534233093262e-01
9.939763545989990234e-01
9.856615662574768066e-01
9.653594493865966797e-01
9.756950736045837402e-01
9.813104271888732910e-01
9.846961498260498047e-01
9.922325015068054199e-01
9.946277737617492676e-01
9.921164512634277344e-01
9.877938628196716309e-01
9.805508255958557129e-01
9.924232959747314453e-01
9.876443743705749512e-01
9.891735315322875977e-01
9.912438988685607910e-01
9.930580854415893555e-01
9.581759572029113770e-01
9.897525906562805176e-01
9.934828877449035645e-01
9.940743446350097656e-01
9.914925694465637207e-01
9.940786957740783691e-01
9.834657311439514160e-01
9.925113916397094727e-01
9.932196140289306641e-01
9.722128510475158691e-01
9.932681322097778320e-01
9.920980930328369141e-01
9.922571778297424316e-01
9.917407631874084473e-01
9.565874934196472168e-01
9.645188450813293457e-01
9.936482310295104980e-01
9.913559556007385254e-01
9.913423657417297363e-01
9.769366383552551270e-01
9.925113320350646973e-01
9.906201958656311035e-01
9.918370842933654785e-01
9.906775355339050293e-01
9.946836233139038086e-01
9.927458167076110840e-01
9.938105940818786621e-01
9.795560240745544434e-01
9.923428893089294434e-01
9.923483729362487793e-01
9.817179441452026367e-01
9.916108846664428711e-01
9.747294783592224121e-01
9.565557837486267090e-01
6.976886391639709473e-01
7.880912423133850098e-01
7.231168150901794434e-01
1.767548918724060059e-02
2.197785824537277222e-01
1.647336781024932861e-01
2.084998786449432373e-02
3.770994767546653748e-02
4.635807126760482788e-02
1.193328946828842163e-01
3.050164878368377686e-01
1.314072683453559875e-02
1.543844863772392273e-02
1.740615069866180420e-01
2.040762081742286682e-02
3.368074819445610046e-02
2.418948709964752197e-02
1.492719724774360657e-02
1.196885854005813599e-02
1.436552777886390686e-02
6.952624768018722534e-03
2.195703238248825073e-02
2.300794795155525208e-02
1.837601512670516968e-02
2.146398276090621948e-02
1.310638338327407837e-02
1.167264580726623535e-02
3.102139383554458618e-02
3.652522712945938110e-02
2.282090485095977783e-02
1.339109241962432861e-02
1.852627098560333252e-02
1.849303022027015686e-02
1.653698086738586426e-02
1.489879935979843140e-02
1.748887822031974792e-02
1.569537818431854248e-02
1.369682326912879944e-02
1.260149106383323669e-02
1.185982301831245422e-02
1.937457919120788574e-02
1.444094628095626831e-02
5.180311575531959534e-02
3.629802167415618896e-02
3.937092423439025879e-01
1.117775887250900269e-01
2.759226411581039429e-02
2.152390778064727783e-02
1.753573864698410034e-02
2.896890416741371155e-02
1.263043656945228577e-02
1.385642588138580322e-02
1.838269084692001343e-02
1.422213762998580933e-02
1.625855267047882080e-02
2.762610465288162231e-02
1.471207663416862488e-02
1.331835612654685974e-02
1.546750962734222412e-02
5.182104930281639099e-02
1.260446161031723022e-01
7.625721395015716553e-02
1.781434714794158936e-01
1.483846753835678101e-01
8.222496509552001953e-02
1.418433785438537598e-01
8.206070959568023682e-02
5.095904469490051270e-01
4.662062227725982666e-01
2.109048515558242798e-02
1.038838475942611694e-01
2.143149450421333313e-02
9.372295439243316650e-02
1.522125601768493652e-01
3.333122655749320984e-02
5.817753076553344727e-01
5.827362462878227234e-02
1.112251132726669312e-01
3.967458382248878479e-02
1.371666789054870605e-02
1.457455754280090332e-02
2.524418756365776062e-02
4.304109886288642883e-02
3.443843871355056763e-02
1.395867019891738892e-02
1.309173926711082458e-02
1.401602104306221008e-02
1.330655068159103394e-02
1.630218699574470520e-02
5.082717537879943848e-02
1.799656450748443604e-02
1.177918165922164917e-02
1.702976971864700317e-02
1.033318042755126953e-02
1.347194612026214600e-02
1.349527016282081604e-02
3.627533093094825745e-02
3.196030482649803162e-02
6.175592914223670959e-02
1.154988557100296021e-01
5.093805789947509766e-01
7.591992616653442383e-02
7.801014184951782227e-02
8.577443659305572510e-02
1.187871694564819336e-01
1.413824781775474548e-02
2.231860905885696411e-02
1.361582800745964050e-02
1.639342308044433594e-02
1.075553148984909058e-02
9.930606931447982788e-03
1.302951201796531677e-02
1.347533985972404480e-02
4.446258768439292908e-02
1.752810180187225342e-01
1.664026975631713867e-01
2.074443176388740540e-02
1.403971761465072632e-02
1.274790242314338684e-02
1.317107677459716797e-02
1.355580240488052368e-02
1.658788695931434631e-02
3.185543790459632874e-02
1.772800087928771973e-02
5.914064869284629822e-02
1.583264768123626709e-01
6.776139140129089355e-02
1.468006968498229980e-01
3.090766444802284241e-02
1.052016764879226685e-01
4.058833047747612000e-02
6.818155944347381592e-02
2.598818764090538025e-02
6.373031437397003174e-02
1.582047343254089355e-02
1.297286525368690491e-02
1.325899362564086914e-02
1.349402219057083130e-02
1.373185962438583374e-02
1.482257246971130371e-01
1.910740509629249573e-02
1.729239895939826965e-02
1.285344362258911133e-02
1.227325201034545898e-01
1.640058308839797974e-02
2.491084113717079163e-02
2.393666058778762817e-01
2.205322086811065674e-01
5.639767050743103027e-01
2.235794365406036377e-01
1.647518575191497803e-01
7.637280821800231934e-01
4.810096323490142822e-01
2.544464170932769775e-01
1.348428130149841309e-01
1.752495765686035156e-02
5.147977918386459351e-02
1.826882660388946533e-01
1.738495752215385437e-02
3.447388112545013428e-01
8.939664065837860107e-02
3.417797684669494629e-01
7.876169681549072266e-02
1.845083534717559814e-01
2.789762914180755615e-01
2.470071241259574890e-02
1.642012447118759155e-01
4.155743420124053955e-01
1.709035038948059082e-01
1.539398878812789917e-01
4.351686239242553711e-01
2.369648218154907227e-01
4.032708704471588135e-01
1.921919286251068115e-01
1.619185060262680054e-01
8.500625491142272949e-01
8.836153745651245117e-01
3.506751656532287598e-01
4.867376387119293213e-01
4.576387107372283936e-01
3.715902268886566162e-01
1.998725086450576782e-01
3.050687611103057861e-01
5.494189858436584473e-01
1.092084646224975586e-01
9.716507792472839355e-02
2.952569723129272461e-01
4.797913506627082825e-02
3.470798954367637634e-02
2.696494758129119873e-02
1.534907147288322449e-02
1.385088264942169189e-02
1.499290391802787781e-02
1.627336069941520691e-02
1.521626114845275879e-02
1.672672852873802185e-02
1.743223518133163452e-02
1.696560904383659363e-02
1.486523076891899109e-02
1.879881694912910461e-02
1.834211125969886780e-02
2.415870875120162964e-01
5.225899070501327515e-02
7.237342745065689087e-02
6.322441697120666504e-01
5.417990088462829590e-01
8.954866528511047363e-01
2.907304167747497559e-01
3.829725086688995361e-01
4.160072505474090576e-01
5.616378784179687500e-02
9.909208118915557861e-02
1.829368472099304199e-01
5.642345920205116272e-02
6.087587401270866394e-02
1.795440539717674255e-02
1.971705257892608643e-02
3.109640777111053467e-01
1.103216856718063354e-01
2.093350887298583984e-01
3.838424086570739746e-01
3.248807191848754883e-01
2.269037514925003052e-01
2.373560369014739990e-01
5.119999870657920837e-02
1.576169580221176147e-02
1.791671290993690491e-02
2.358736842870712280e-02
6.971146166324615479e-02
3.630001842975616455e-01
1.573990136384963989e-01
2.345166355371475220e-02
5.006799474358558655e-02
8.287820816040039062e-01
6.609823107719421387e-01
2.778969705104827881e-01
8.775458931922912598e-01
4.433092474937438965e-01
7.586598396301269531e-01
9.148709475994110107e-02
3.933119475841522217e-01
1.893555372953414917e-02
1.317610591650009155e-01
1.549848169088363647e-01
1.160200834274291992e-01
2.707713246345520020e-01
2.075478732585906982e-01
3.397696018218994141e-01
8.145029842853546143e-02
2.108986526727676392e-01
2.113290876150131226e-02
1.996035128831863403e-02
4.440849646925926208e-02
4.228542000055313110e-02
6.667873263359069824e-02
6.325139105319976807e-02
3.115602135658264160e-01
1.808657497167587280e-02
1.457593217492103577e-02
1.097631752490997314e-01
8.328233659267425537e-02
4.203217476606369019e-02
1.320840120315551758e-01
1.304025575518608093e-02
2.646126970648765564e-02
1.400512456893920898e-02
2.076366543769836426e-02
1.127870976924896240e-01
1.725107803940773010e-02
1.635348051786422729e-02
1.619483903050422668e-02
2.625780552625656128e-02
5.629167333245277405e-02
1.088634580373764038e-01
2.938424423336982727e-02
5.831146612763404846e-02
2.812102809548377991e-02
1.916369050741195679e-02
1.358430460095405579e-02
1.949280500411987305e-02
1.781529560685157776e-02
1.223082542419433594e-01
1.666750386357307434e-02
1.323574408888816833e-02
1.455875858664512634e-02
4.618383571505546570e-02
1.385125517845153809e-02
2.296697348356246948e-02
2.216352522373199463e-02
2.969518676400184631e-02
2.722218334674835205e-01
3.969734534621238708e-02
1.370215043425559998e-02
1.606123149394989014e-02
2.574399858713150024e-02
1.223324611783027649e-02
5.721222609281539917e-02
1.415942981839179993e-02
1.491205021739006042e-02
1.354651898145675659e-02
1.369579136371612549e-02
1.545345410704612732e-02
2.519723027944564819e-02
1.130949705839157104e-02
1.288791373372077942e-02
1.377074047923088074e-02
1.471176743507385254e-02
1.438479498028755188e-02
1.688989624381065369e-02
1.338708400726318359e-02
1.373908296227455139e-02
2.177068218588829041e-02
7.537943124771118164e-02
1.549489051103591919e-02
1.458378136157989502e-02
1.757830008864402771e-02
1.192915812134742737e-02
3.700733184814453125e-02
4.124487936496734619e-01
7.615951448678970337e-02
1.329305768013000488e-01
6.642773747444152832e-01
4.428289532661437988e-01
1.088919490575790405e-01
1.373537629842758179e-02
1.317352801561355591e-02
1.071497425436973572e-02
2.202922105789184570e-02
3.075401484966278076e-02
1.265098899602890015e-02
1.237655431032180786e-02
1.891238540410995483e-01
2.610453590750694275e-02
2.651380002498626709e-01
2.578427493572235107e-01
3.754376247525215149e-02
1.433891803026199341e-01
4.848249256610870361e-01
1.031705439090728760e-01
1.234098896384239197e-02
1.376862451434135437e-02
1.739029958844184875e-02
1.043473929166793823e-01
7.592067122459411621e-02
1.515975594520568848e-02
5.234329029917716980e-02
4.777210578322410583e-02
8.350810408592224121e-02
1.134728044271469116e-01
6.866775453090667725e-02
7.963530719280242920e-02
9.826327860355377197e-02
7.807569205760955811e-02
8.347070217132568359e-02
2.191549167037010193e-02
2.585025131702423096e-01
4.370476305484771729e-02
2.547371387481689453e-02
3.873366862535476685e-02
6.778889894485473633e-02
1.321274414658546448e-02
6.965516507625579834e-02
2.039884030818939209e-02
1.549328491091728210e-02
1.268489286303520203e-02
1.382006704807281494e-02
1.299387216567993164e-02
3.076783567667007446e-02
1.293583959341049194e-02
1.349142193794250488e-02
1.340499892830848694e-02
2.997216954827308655e-02
1.365380734205245972e-02
1.116497963666915894e-01
5.636986717581748962e-02
3.136002644896507263e-02
1.252150535583496094e-01
4.037782549858093262e-02
2.406218647956848145e-02
6.916252523660659790e-02
1.387980878353118896e-01
1.013268977403640747e-01
4.231790825724601746e-02
1.350693777203559875e-02
1.987859979271888733e-02
1.844003424048423767e-02
1.626140251755714417e-02
1.501169055700302124e-02
1.267338171601295471e-02
9.920205473899841309e-01
9.941027164459228516e-01
9.912704229354858398e-01
9.884836077690124512e-01
9.930054545402526855e-01
9.872053861618041992e-01
9.895912408828735352e-01
9.757218956947326660e-01
9.918545484542846680e-01
9.902591705322265625e-01
9.942103624343872070e-01
9.888431429862976074e-01
9.927217364311218262e-01
9.897087216377258301e-01
6.859368085861206055e-01
1.129785478115081787e-01
1.854421198368072510e-02
6.735213100910186768e-02
6.901337951421737671e-02
3.712606802582740784e-02
1.785462722182273865e-02
1.805255189538002014e-02
3.102043643593788147e-02
1.940817385911941528e-02
9.719984233379364014e-02
1.239016279578208923e-02
1.294183731079101562e-02
1.631570979952812195e-02
1.306072622537612915e-02
1.385768130421638489e-02
1.602868437767028809e-01
1.569112390279769897e-02
1.904441788792610168e-02
5.421635881066322327e-02
3.478205576539039612e-02
1.858833432197570801e-02
2.035896852612495422e-02
1.385185122489929199e-02
2.278098836541175842e-02
1.388640701770782471e-02
1.674228906631469727e-02
1.637337356805801392e-02
3.311391174793243408e-02
2.288403362035751343e-02
5.415827035903930664e-02
1.448420807719230652e-02
4.178745672106742859e-02
3.674893826246261597e-02
3.057764098048210144e-02
2.148565649986267090e-02
3.763454407453536987e-02
1.970080286264419556e-02
1.980630308389663696e-02
3.458832949399948120e-02
1.812939345836639404e-02
4.425734281539916992e-02
3.092405200004577637e-02
3.023182973265647888e-02
1.605063676834106445e-02
3.885378316044807434e-02
1.520510390400886536e-02
1.692736893892288208e-02
1.410724222660064697e-02
1.471181213855743408e-02
1.984082534909248352e-02
3.320598229765892029e-02
1.594123616814613342e-02
5.015511810779571533e-02
2.175682038068771362e-02
1.672225445508956909e-02
1.450091227889060974e-02
1.275802403688430786e-02
1.326502487063407898e-02
2.402315288782119751e-02
3.375816941261291504e-01
2.965194284915924072e-01
1.428151577711105347e-01
1.596517860889434814e-01
3.526304066181182861e-01
2.491321787238121033e-02
1.276779919862747192e-02
1.870188862085342407e-01
1.285976916551589966e-02
1.341990754008293152e-02
1.896481215953826904e-02
1.554209738969802856e-02
1.943578198552131653e-02
1.967388018965721130e-02
3.387244418263435364e-02
4.300820827484130859e-02
2.477344870567321777e-02
2.693955600261688232e-02
3.559179231524467468e-02
1.372237503528594971e-02
4.803404211997985840e-02
7.421308755874633789e-02
1.252656430006027222e-01
1.561067402362823486e-01
5.456729605793952942e-02
1.585425063967704773e-02
4.102160036563873291e-02
5.560128018260002136e-02
6.986612081527709961e-02
2.019232511520385742e-02
7.862816751003265381e-02
7.771651446819305420e-02
7.589410245418548584e-02
1.009382605552673340e-01
1.005106866359710693e-01
1.403357833623886108e-01
1.244112998247146606e-01
1.588518470525741577e-01
5.931579470634460449e-01
4.481035768985748291e-01
4.455240666866302490e-01
4.717450141906738281e-01
4.570062458515167236e-01
4.964453577995300293e-01
4.396302103996276855e-01
4.513973295688629150e-01
4.722820818424224854e-01
4.183444082736968994e-01
5.222279429435729980e-01
4.432156682014465332e-01
4.253326952457427979e-01
4.427481889724731445e-01
4.402138888835906982e-01
4.394272267818450928e-01
4.359483122825622559e-01
4.287302196025848389e-01
4.402906894683837891e-01
4.432554543018341064e-01
4.358259141445159912e-01
4.395960867404937744e-01
4.380922615528106689e-01
4.377103149890899658e-01
4.390988647937774658e-01
4.406923949718475342e-01
4.375679194927215576e-01
4.380010068416595459e-01
4.381718337535858154e-01
4.374702870845794678e-01
4.405831992626190186e-01
4.397964179515838623e-01
4.406672120094299316e-01
4.372227787971496582e-01
4.368826746940612793e-01
4.359357655048370361e-01
4.288479387760162354e-01
4.480072557926177979e-01
4.539555907249450684e-01
4.313459396362304688e-01
4.394626319408416748e-01
4.391977488994598389e-01
4.415858089923858643e-01
4.373923838138580322e-01
4.377914667129516602e-01
4.336300492286682129e-01
4.309781193733215332e-01
4.390087723731994629e-01
4.380548298358917236e-01
4.395409822463989258e-01
4.380771219730377197e-01
4.406704902648925781e-01
4.360037744045257568e-01
4.341533184051513672e-01
4.396186172962188721e-01
4.351796507835388184e-01
4.412574172019958496e-01
4.413793385028839111e-01
4.382843673229217529e-01
4.398882389068603516e-01
4.390744268894195557e-01
4.352031052112579346e-01
4.420019388198852539e-01
4.395026862621307373e-01
4.401168525218963623e-01
4.377417266368865967e-01
4.398685097694396973e-01
4.387904703617095947e-01
4.372705221176147461e-01
4.386717379093170166e-01
4.420472085475921631e-01
4.363746345043182373e-01
4.361875951290130615e-01
4.377751052379608154e-01
4.371300041675567627e-01
4.406070411205291748e-01
4.360517561435699463e-01
4.279479086399078369e-01
4.535425007343292236e-01
4.538283646106719971e-01
4.384465813636779785e-01
4.565437734127044678e-01
4.524258077144622803e-01
4.334512650966644287e-01
4.408257305622100830e-01
4.472095966339111328e-01
4.520020186901092529e-01
4.439902901649475098e-01
4.657585322856903076e-01
4.317017495632171631e-01
4.446382522583007812e-01
4.394962489604949951e-01
4.385385811328887939e-01
4.432415664196014404e-01
4.478928148746490479e-01
4.269652068614959717e-01
4.398472011089324951e-01
4.615066051483154297e-01
4.414351582527160645e-01
4.501349031925201416e-01
4.640066325664520264e-01
4.543101489543914795e-01
4.420456290245056152e-01
4.398519396781921387e-01
4.492341578006744385e-01
4.481230676174163818e-01
4.173697531223297119e-01
4.395713210105895996e-01
3.934805691242218018e-01
3.570855557918548584e-01
4.840270280838012695e-01
5.054377913475036621e-01
8.600959181785583496e-01
7.947185635566711426e-01
8.184557557106018066e-01
7.036760449409484863e-01
8.321645855903625488e-01
8.807316422462463379e-01
8.944310545921325684e-01
8.668680787086486816e-01
8.887224197387695312e-01
8.943709731101989746e-01
8.754165172576904297e-01
8.860033154487609863e-01
8.950325846672058105e-01
8.955201506614685059e-01
8.753741383552551270e-01
8.949651122093200684e-01
8.948841094970703125e-01
7.971034646034240723e-01
8.952390551567077637e-01
8.788857460021972656e-01
8.794298768043518066e-01
8.599533438682556152e-01
8.985267877578735352e-01
7.756401896476745605e-01
8.424767851829528809e-01
9.903801083564758301e-01
9.758463501930236816e-01
9.644260406494140625e-01
9.916430711746215820e-01
9.879251122474670410e-01
9.822669625282287598e-01
9.256318211555480957e-01
9.758207201957702637e-01
9.923703074455261230e-01
9.757631421089172363e-01
9.919183850288391113e-01
9.779754281044006348e-01
9.179630875587463379e-01
9.759556651115417480e-01
9.317163825035095215e-01
9.820090532302856445e-01
7.826370596885681152e-01
9.711748957633972168e-01
9.894278049468994141e-01
9.700070023536682129e-01
9.609752297401428223e-01
9.760827422142028809e-01
9.776377081871032715e-01
9.272555708885192871e-01
9.594555497169494629e-01
8.937737941741943359e-01
8.353437185287475586e-01
9.276769757270812988e-01
9.753811359405517578e-01
9.610254168510437012e-01
9.700801372528076172e-01
9.432912468910217285e-01
9.163811802864074707e-01
9.861326813697814941e-01
9.772108197212219238e-01
9.023717045783996582e-01
9.567551016807556152e-01
9.439154267311096191e-01
9.374296069145202637e-01
9.465841650962829590e-01
9.473791718482971191e-01
9.778023958206176758e-01
9.707021117210388184e-01
9.665153026580810547e-01
9.834513664245605469e-01
9.638593792915344238e-01
9.829126596450805664e-01
9.544110894203186035e-01
5.967362523078918457e-01
8.883364796638488770e-01
9.816437363624572754e-01
9.656085968017578125e-01
8.979682326316833496e-01
9.747671484947204590e-01
9.915075898170471191e-01
9.705665707588195801e-01
9.853362441062927246e-01
9.914783835411071777e-01
9.902344942092895508e-01
9.934460520744323730e-01
9.870700240135192871e-01
9.912749528884887695e-01
9.915111660957336426e-01
9.910240769386291504e-01
9.920077323913574219e-01
9.944134354591369629e-01
9.937699437141418457e-01
9.933444857597351074e-01
9.870874285697937012e-01
9.887025356292724609e-01
9.947307705879211426e-01
9.905554652214050293e-01
9.924194216728210449e-01
9.933299422264099121e-01
9.911706447601318359e-01
9.922659993171691895e-01
9.930025339126586914e-01
9.940546154975891113e-01
9.828059673309326172e-01
9.932108521461486816e-01
9.940263628959655762e-01
9.879667162895202637e-01
9.925475716590881348e-01
9.934684634208679199e-01
9.940115809440612793e-01
9.933972954750061035e-01
9.938034415245056152e-01
9.916815161705017090e-01
9.920967817306518555e-01
9.931156039237976074e-01
9.943727850914001465e-01
9.944184422492980957e-01
9.946672320365905762e-01
9.945275783538818359e-01
9.895469546318054199e-01
9.908958673477172852e-01
9.941365122795104980e-01
9.925478100776672363e-01
9.897037744522094727e-01
9.911636114120483398e-01
9.867669939994812012e-01
9.929569363594055176e-01
9.906808137893676758e-01
9.928895831108093262e-01
9.923332333564758301e-01
9.945223927497863770e-01
9.940341711044311523e-01
9.898025393486022949e-01
9.924672245979309082e-01
9.940258860588073730e-01
9.917526841163635254e-01
9.923190474510192871e-01
9.936930537223815918e-01
9.940932393074035645e-01
9.867084026336669922e-01
9.830713272094726562e-01
9.935097098350524902e-01
9.918760657310485840e-01
9.937921762466430664e-01
9.882815480232238770e-01
9.846718907356262207e-01
9.932199120521545410e-01
9.947065114974975586e-01
9.919213056564331055e-01
9.937728047370910645e-01
9.900758862495422363e-01
9.944596886634826660e-01
9.932529330253601074e-01
9.943270683288574219e-01
9.929269552230834961e-01
9.917326569557189941e-01
9.939242005348205566e-01
9.669421315193176270e-01
9.820380806922912598e-01
9.907192587852478027e-01
9.929830431938171387e-01
9.859119057655334473e-01
9.826011061668395996e-01
9.943102002143859863e-01
9.917371273040771484e-01
9.908508062362670898e-01
9.887617826461791992e-01
9.876604676246643066e-01
9.224729537963867188e-01
9.669682383537292480e-01
9.527775645256042480e-01
9.916626811027526855e-01
9.903398156166076660e-01
9.918372035026550293e-01
9.869441390037536621e-01
9.912613034248352051e-01
9.806914925575256348e-01
9.914162755012512207e-01
9.873269200325012207e-01
9.684188961982727051e-01
9.902104735374450684e-01
9.698415398597717285e-01
9.647929668426513672e-01
9.882642030715942383e-01
9.875777363777160645e-01
9.943936467170715332e-01
9.899696111679077148e-01
9.888103604316711426e-01
9.846767187118530273e-01
9.884547591209411621e-01
9.314072728157043457e-01
9.519333839416503906e-01
9.849736094474792480e-01
9.889314770698547363e-01
9.867765903472900391e-01
7.827383875846862793e-01
8.530802130699157715e-01
9.871357083320617676e-01
9.803360104560852051e-01
9.699792265892028809e-01
9.791867733001708984e-01
9.841389060020446777e-01
9.819324612617492676e-01
9.811876416206359863e-01
9.868698120117187500e-01
9.670931100845336914e-01
9.691798090934753418e-01
4.425732195377349854e-01
2.721703946590423584e-01
5.032916069030761719e-01
5.813141465187072754e-01
1.154115796089172363e-01
1.923356950283050537e-02
2.105526626110076904e-02
1.909238100051879883e-02
1.482570543885231018e-02
1.431750878691673279e-02
1.535895094275474548e-02
7.064665108919143677e-02
1.340271532535552979e-02
4.081270843744277954e-02
1.409984752535820007e-02
2.363099902868270874e-02
1.304220408201217651e-02
2.021403610706329346e-02
1.248994097113609314e-02
1.457152888178825378e-02
1.368149742484092712e-02
2.429416403174400330e-02
1.270700618624687195e-02
1.613701507449150085e-02
1.549100130796432495e-02
1.425607874989509583e-02
1.526316255331039429e-02
7.711040973663330078e-02
9.432120621204376221e-02
1.945477128028869629e-01
8.726005256175994873e-02
2.922101914882659912e-01
5.399696230888366699e-01
4.610831439495086670e-01
4.233700037002563477e-01
4.212158918380737305e-01
4.425830841064453125e-01
4.403700530529022217e-01
3.837517797946929932e-01
4.434424042701721191e-01
3.974843919277191162e-01
4.795875251293182373e-01
4.834218919277191162e-01
8.826644718647003174e-02
1.920907199382781982e-01
1.340314894914627075e-01
1.318879872560501099e-01
1.368537247180938721e-01
8.750581741333007812e-02
9.911087155342102051e-02
1.465218663215637207e-01
2.061457931995391846e-02
1.358653977513313293e-02
3.886205703020095825e-02
1.398577541112899780e-02
5.865324139595031738e-01
4.208758100867271423e-02
1.200288534164428711e-02
1.021160185337066650e-02
1.126338392496109009e-01
1.098299771547317505e-01
1.237776130437850952e-01
2.195979282259941101e-02
1.232765614986419678e-02
1.308563724160194397e-02
2.219755202531814575e-02
1.238315179944038391e-02
1.261757686734199524e-02
1.257611066102981567e-02
9.944010376930236816e-01
9.946982860565185547e-01
9.928474426269531250e-01
9.861251711845397949e-01
9.857514500617980957e-01
9.866516590118408203e-01
9.947270750999450684e-01
9.835423827171325684e-01
9.932289123535156250e-01
9.898082017898559570e-01
9.869176745414733887e-01
9.900364279747009277e-01
9.699757695198059082e-01
9.875003695487976074e-01
9.883415102958679199e-01
9.521761536598205566e-01
9.846574068069458008e-01
8.688880801200866699e-01
9.842101335525512695e-01
9.629185795783996582e-01
8.981257081031799316e-01
9.122679829597473145e-01
9.511206746101379395e-01
9.488067030906677246e-01
9.876326322555541992e-01
9.753838777542114258e-01
9.581770300865173340e-01
9.649869799613952637e-01
9.709886908531188965e-01
9.756106734275817871e-01
9.343920350074768066e-01
7.527969479560852051e-01
6.687419414520263672e-01
7.839816808700561523e-01
7.935831546783447266e-01
8.007215857505798340e-01
8.320874571800231934e-01
8.235960602760314941e-01
7.425903677940368652e-01
8.984881043434143066e-01
8.579832315444946289e-02
4.616766422986984253e-02
3.340622037649154663e-02
1.945058256387710571e-02
1.501685008406639099e-02
1.420244574546813965e-02
3.919528052210807800e-02
2.863583713769912720e-02
2.081513032317161560e-02
1.312104612588882446e-02
1.645147800445556641e-02
1.556099206209182739e-02
1.673188805580139160e-02
1.249616593122482300e-02
1.447814330458641052e-02
1.518260687589645386e-02
1.413667201995849609e-02
2.747856080532073975e-02
3.080364167690277100e-01
3.220740556716918945e-01
4.696433246135711670e-01
1.033802777528762817e-01
5.013991519808769226e-02
2.231566607952117920e-02
2.529859542846679688e-02
1.972348541021347046e-01
1.756542474031448364e-01
1.203037649393081665e-01
1.683185249567031860e-01
2.239055782556533813e-01
2.752682566642761230e-01
1.799761131405830383e-02
2.005954459309577942e-02
1.233433634042739868e-01
4.524634405970573425e-02
1.887915655970573425e-02
1.624866947531700134e-02
1.852905377745628357e-02
1.132760569453239441e-02
1.318339258432388306e-02
1.290882378816604614e-02
6.195013225078582764e-02
1.298024132847785950e-02
1.404631882905960083e-02
1.399828493595123291e-02
1.338901743292808533e-02
1.179027929902076721e-02
1.269771158695220947e-02
1.489187404513359070e-02
1.877200230956077576e-02
1.282197609543800354e-02
1.273845881223678589e-02
1.664002984762191772e-02
1.719475537538528442e-02
1.741677522659301758e-02
1.408862322568893433e-02
1.412760838866233826e-02
1.538031175732612610e-02
1.518755778670310974e-02
1.312137022614479065e-02
2.104156091809272766e-02
2.917805314064025879e-02
3.994711115956306458e-02
3.361022099852561951e-02
3.265188261866569519e-02
2.378608658909797668e-02
2.020501345396041870e-02
3.010874614119529724e-02
2.461549267172813416e-02
1.367214694619178772e-02
1.412137970328330994e-02
1.311934739351272583e-02
8.086106181144714355e-02
3.396554663777351379e-02
1.007302254438400269e-01
1.999782472848892212e-01
1.519200950860977173e-01
1.474475264549255371e-01
9.179587662220001221e-02
6.042760983109474182e-02
5.232667177915573120e-02
4.768839105963706970e-02
8.394014835357666016e-02
3.007234260439872742e-02
1.369255036115646362e-02
1.105182915925979614e-01
2.511891424655914307e-01
3.187618777155876160e-02
1.509811729192733765e-02
1.578577607870101929e-02
2.017716318368911743e-02
1.838859170675277710e-02
1.231344044208526611e-02
2.974768728017807007e-02
1.143576577305793762e-02
1.247937977313995361e-02
1.125228777527809143e-02
1.656162738800048828e-02
1.263933628797531128e-02
1.241033151745796204e-02
6.295655667781829834e-02
1.420325785875320435e-02
3.993637487292289734e-02
1.731303334236145020e-01
1.936789602041244507e-02
3.275239840149879456e-02
5.926612764596939087e-02
1.471283584833145142e-01
3.526832535862922668e-02
3.014719113707542419e-02
1.579069495201110840e-01
1.216740161180496216e-01
1.301820427179336548e-01
1.158104836940765381e-01
1.670241653919219971e-01
1.190179884433746338e-01
1.613569557666778564e-01
1.315317302942276001e-01
1.086939573287963867e-01
1.746705174446105957e-01
2.023462653160095215e-01
2.249599099159240723e-01
2.539556920528411865e-01
2.642750442028045654e-01
3.229177296161651611e-01
2.837867438793182373e-01
2.968838810920715332e-01
3.184748291969299316e-01
4.370149374008178711e-01
5.303301811218261719e-01
5.526844859123229980e-01
5.557176470756530762e-01
5.574300885200500488e-01
5.632603764533996582e-01
5.607903599739074707e-01
5.518577098846435547e-01
5.469408035278320312e-01
5.246897339820861816e-01
4.660069942474365234e-01
5.440413355827331543e-01
5.490499138832092285e-01
5.285022854804992676e-01
5.444779992103576660e-01
5.332003831863403320e-01
5.575076937675476074e-01
5.265730619430541992e-01
5.593060255050659180e-01
5.536517500877380371e-01
5.463687181472778320e-01
5.341525077819824219e-01
4.967139661312103271e-01
5.444410443305969238e-01
5.965660810470581055e-01
5.491374135017395020e-01
5.613389611244201660e-01
5.555883049964904785e-01
5.549628138542175293e-01
5.850557684898376465e-01
5.545331835746765137e-01
5.579454898834228516e-01
5.522064566612243652e-01
5.575913786888122559e-01
5.499919056892395020e-01
5.570104718208312988e-01
5.484356880187988281e-01
5.502939820289611816e-01
5.545056462287902832e-01
5.510974526405334473e-01
5.324550271034240723e-01
5.429438948631286621e-01
5.304475426673889160e-01
5.454351902008056641e-01
5.567094683647155762e-01
5.380575656890869141e-01
5.321809649467468262e-01
5.494824051856994629e-01
3.665906488895416260e-01
5.516555309295654297e-01
4.648827016353607178e-01
5.478199124336242676e-01
4.909676015377044678e-01
4.867049753665924072e-01
5.080688595771789551e-01
5.382654070854187012e-01
5.215211510658264160e-01
5.329815745353698730e-01
5.259147286415100098e-01
4.282343685626983643e-01
3.795340657234191895e-01
3.848513960838317871e-01
4.063465893268585205e-01
3.539777100086212158e-01
3.333799540996551514e-01
3.473770916461944580e-01
2.955562770366668701e-01
2.749035060405731201e-01
2.701838910579681396e-01
2.741199731826782227e-01
3.308018147945404053e-01
1.736644953489303589e-01
1.837542355060577393e-01
1.136051863431930542e-01
6.428690254688262939e-02
1.794648766517639160e-01
3.353749588131904602e-02
1.582868769764900208e-02
4.765100777149200439e-02
2.653406932950019836e-02
1.737885922193527222e-02
1.000224053859710693e-01
3.936988860368728638e-02
2.807537019252777100e-01
4.347316324710845947e-01
1.664978265762329102e-01
2.007626891136169434e-01
1.673864126205444336e-01
2.449787557125091553e-01
1.911033838987350464e-01
8.846977353096008301e-02
2.595656216144561768e-01
1.336916834115982056e-01
4.020436480641365051e-02
1.834957301616668701e-01
1.497990190982818604e-01
1.122706383466720581e-01
3.182155787944793701e-01
3.891141414642333984e-01
1.252120435237884521e-01
2.501574456691741943e-01
6.644096970558166504e-02
1.226643621921539307e-01
1.206433176994323730e-01
1.809207946062088013e-01
1.833285540342330933e-01
1.574082970619201660e-01
1.672639250755310059e-01
1.669253408908843994e-01
9.243872761726379395e-02
8.370409905910491943e-02
1.241501718759536743e-01
1.017343401908874512e-01
2.878251969814300537e-01
1.827590465545654297e-01
9.258101880550384521e-02
3.612558543682098389e-01
2.216516137123107910e-01
4.403317272663116455e-01
1.081570833921432495e-01
1.775311976671218872e-01
9.328286349773406982e-02
2.123259007930755615e-02
1.338493451476097107e-02
1.628700643777847290e-02
1.227945834398269653e-02
1.203200221061706543e-02
1.133338734507560730e-02
1.068450957536697388e-01
5.382619425654411316e-02
5.366079509258270264e-02
1.565236970782279968e-02
3.205049410462379456e-02
1.448332518339157104e-01
1.281577050685882568e-01
1.318289339542388916e-01
6.030680984258651733e-02
8.538986742496490479e-02
1.455514878034591675e-01
8.165052533149719238e-02
5.620413646101951599e-02
1.692069321870803833e-02
4.816497564315795898e-01
2.918464839458465576e-01
2.494090199470520020e-01
6.847004592418670654e-02
4.513454809784889221e-02
1.233087629079818726e-01
6.432083249092102051e-02
3.460914641618728638e-02
9.706291556358337402e-02
7.363227009773254395e-02
5.726521089673042297e-02
3.079283609986305237e-02
1.360524073243141174e-02
1.409259438514709473e-02
1.461112499237060547e-02
9.134176373481750488e-02
2.054639905691146851e-02
4.618775844573974609e-02
2.788801118731498718e-02
1.373766362667083740e-02
1.802679523825645447e-02
1.634862124919891357e-01
3.010961115360260010e-01
5.621671676635742188e-02
8.904033899307250977e-02
1.980850100517272949e-01
2.200213521718978882e-01
6.759181618690490723e-01
6.758875250816345215e-01
8.422520160675048828e-01
8.808215260505676270e-01
8.877964019775390625e-01
8.901677727699279785e-01
8.915563225746154785e-01
8.997519612312316895e-01
8.950535058975219727e-01
8.906347155570983887e-01
8.895398974418640137e-01
8.939240574836730957e-01
8.961412310600280762e-01
8.911417126655578613e-01
8.742126226425170898e-01
8.792579770088195801e-01
8.984032869338989258e-01
8.991611003875732422e-01
8.913450241088867188e-01
8.849278092384338379e-01
8.982774615287780762e-01
8.899605274200439453e-01
8.878163695335388184e-01
8.787246346473693848e-01
8.952515125274658203e-01
8.987647891044616699e-01
8.933995962142944336e-01
8.959800004959106445e-01
8.827886581420898438e-01
8.910020589828491211e-01
8.942782282829284668e-01
8.933698534965515137e-01
8.912532925605773926e-01
8.961170315742492676e-01
8.768830895423889160e-01
8.947331905364990234e-01
8.953232169151306152e-01
8.881811499595642090e-01
8.943822979927062988e-01
8.724291920661926270e-01
8.782637119293212891e-01
8.848914504051208496e-01
8.492274284362792969e-01
2.155108898878097534e-01
9.543460607528686523e-02
6.339284777641296387e-02
5.945862084627151489e-02
1.882684528827667236e-01
4.765020906925201416e-01
2.766520082950592041e-01
1.879526376724243164e-01
1.589193567633628845e-02
1.488693803548812866e-02
2.107144892215728760e-02
1.767154783010482788e-02
6.483127176761627197e-02
3.710585460066795349e-02
1.011560559272766113e-01
2.396038919687271118e-02
4.127288982272148132e-02
4.985755309462547302e-02
1.285391673445701599e-02
2.655028179287910461e-02
3.006296604871749878e-02
2.160082384943962097e-02
6.641384959220886230e-02
1.868932321667671204e-02
2.295246347784996033e-02
1.436440646648406982e-02
1.797425001859664917e-02
4.461578652262687683e-02
1.360112056136131287e-02
2.622061222791671753e-02
5.923222377896308899e-02
9.734041988849639893e-02
1.013937443494796753e-01
9.288431704044342041e-02
8.045397698879241943e-02
1.430174335837364197e-02
8.302077651023864746e-02
8.385910093784332275e-02
2.266295999288558960e-02
1.199036464095115662e-02
2.521500363945960999e-02
1.365490257740020752e-02
1.229783147573471069e-02
2.448312938213348389e-02
3.768840432167053223e-02
1.448200270533561707e-02
8.346493542194366455e-02
1.198322325944900513e-01
7.459771633148193359e-02
8.354198932647705078e-02
8.744278550148010254e-02
1.215883940458297729e-01
1.023641228675842285e-01
1.188602298498153687e-01
8.236926794052124023e-02
8.816477656364440918e-02
2.392988651990890503e-01
1.888298988342285156e-01
9.016133844852447510e-02
7.374118268489837646e-02
4.470305517315864563e-02
1.262877285480499268e-01
2.129297554492950439e-01
7.220776379108428955e-02
9.122456610202789307e-02
1.437500566244125366e-01
1.245169937610626221e-01
1.294262260198593140e-01
1.377270519733428955e-01
7.608994841575622559e-02
9.006041288375854492e-02
1.759134531021118164e-01
3.373965248465538025e-02
2.950742095708847046e-02
1.045776754617691040e-01
1.069179773330688477e-01
1.942417025566101074e-01
1.782914400100708008e-01
2.168352007865905762e-01
9.744122624397277832e-02
3.896558284759521484e-02
2.824073657393455505e-02
3.548554703593254089e-02
1.472914218902587891e-02
1.367388665676116943e-02
6.506480276584625244e-02
3.757265210151672363e-02
1.962664350867271423e-02
1.687449365854263306e-01
2.016174346208572388e-01
1.241184920072555542e-01
2.511032819747924805e-01
1.373534649610519409e-01
3.408831655979156494e-01
7.920354008674621582e-01
7.259060740470886230e-01
9.243748188018798828e-01
8.693249225616455078e-01
9.300243258476257324e-01
8.928065299987792969e-01
9.313210844993591309e-01
9.142249226570129395e-01
6.003610491752624512e-01
8.553906679153442383e-01
9.452965855598449707e-01
8.281264305114746094e-01
9.475840926170349121e-01
5.523886084556579590e-01
7.812754511833190918e-01
7.951278090476989746e-01
7.072833180427551270e-01
6.409601569175720215e-01
8.170054554939270020e-01
7.638124823570251465e-01
7.431437373161315918e-01
8.894087672233581543e-01
7.974429726600646973e-01
7.561417222023010254e-01
8.002919554710388184e-01
7.389416098594665527e-01
9.908492565155029297e-01
9.912825226783752441e-01
9.946729540824890137e-01
9.912415146827697754e-01
9.864003062248229980e-01
9.791219830513000488e-01
9.641602635383605957e-01
9.924046993255615234e-01
9.940935969352722168e-01
9.825446605682373047e-01
9.942584633827209473e-01
9.894362688064575195e-01
9.852604866027832031e-01
9.916419386863708496e-01
9.940622448921203613e-01
9.889507889747619629e-01
9.948386549949645996e-01
9.919837713241577148e-01
9.904907345771789551e-01
9.919199347496032715e-01
9.918113350868225098e-01
9.923738837242126465e-01
9.932720065116882324e-01
9.925673604011535645e-01
9.918794035911560059e-01
9.907892346382141113e-01
9.928506016731262207e-01
9.899879693984985352e-01
9.798219799995422363e-01
9.923074245452880859e-01
9.935836791992187500e-01
9.945551753044128418e-01
9.706208109855651855e-01
9.905709624290466309e-01
9.938052296638488770e-01
9.909241199493408203e-01
9.847225546836853027e-01
9.941644072532653809e-01
9.938541650772094727e-01
9.845432639122009277e-01
9.855975508689880371e-01
9.843888878822326660e-01
9.798059463500976562e-01
9.908294081687927246e-01
9.894365668296813965e-01
9.925807714462280273e-01
9.928256869316101074e-01
9.830812811851501465e-01
9.505944848060607910e-01
9.902204871177673340e-01
9.767757058143615723e-01
9.459538459777832031e-01
9.877621531486511230e-01
9.497414231300354004e-01
9.829797148704528809e-01
3.783082067966461182e-01
7.785919308662414551e-02
3.163573443889617920e-01
1.004727631807327271e-01
1.696038693189620972e-01
1.938977837562561035e-02
1.666774228215217590e-02
1.328798383474349976e-02
1.327201724052429199e-02
1.359936594963073730e-02
1.220835000276565552e-02
2.165812626481056213e-02
1.042427420616149902e-01
5.637924745678901672e-02
1.261965930461883545e-02
1.612892001867294312e-02
2.053747326135635376e-02
3.928952664136886597e-02
3.007327020168304443e-02
3.250828757882118225e-02
7.657282054424285889e-02
3.237339481711387634e-02
1.621070504188537598e-02
2.119141817092895508e-02
1.486344262957572937e-02
6.851269304752349854e-02
2.844448089599609375e-01
3.289016708731651306e-02
1.712879538536071777e-02
1.388163417577743530e-01
1.472039148211479187e-02
3.203044235706329346e-01
2.188226282596588135e-01
3.876195475459098816e-02
6.215369328856468201e-02
1.721021160483360291e-02
6.826183199882507324e-02
3.234151750802993774e-02
1.570156216621398926e-02
1.133444160223007202e-02
1.468033716082572937e-02
1.455257460474967957e-02
2.069698274135589600e-01
1.176882535219192505e-01
2.395845204591751099e-02
1.401219889521598816e-02
1.246120780706405640e-02
1.680657267570495605e-02
1.733218878507614136e-02
1.380713284015655518e-02
1.370726898312568665e-02
1.980794221162796021e-02
3.934780508279800415e-02
1.403471454977989197e-02
2.919150143861770630e-02
2.117222175002098083e-02
1.331393793225288391e-02
1.385989040136337280e-02
1.429689675569534302e-02
4.346812143921852112e-02
1.320655643939971924e-02
6.036469712853431702e-02
1.171400025486946106e-02
1.265930756926536560e-02
1.250237599015235901e-02
1.209944859147071838e-02
1.176638156175613403e-02
1.421292498707771301e-02
1.306317746639251709e-02
1.374417915940284729e-02
1.322605460882186890e-02
1.721589639782905579e-02
1.236214116215705872e-02
1.196818426251411438e-02
1.304109022021293640e-02
1.853507757186889648e-02
1.184014976024627686e-02
1.252019777894020081e-02
1.465841755270957947e-02
1.470570638775825500e-02
3.916462138295173645e-02
2.191664651036262512e-02
5.502776429057121277e-02
1.303081586956977844e-02
1.983990147709846497e-02
1.349744051694869995e-01
4.536027088761329651e-02
7.348716259002685547e-02
1.370712369680404663e-02
1.315215975046157837e-02
1.679411903023719788e-02
1.010195165872573853e-01
5.893126726150512695e-01
5.496211051940917969e-01
2.607129812240600586e-01
6.098799109458923340e-01
6.804620474576950073e-02
8.548822999000549316e-02
4.748237505555152893e-02
1.287955492734909058e-01
1.436132490634918213e-01
2.358464002609252930e-01
3.300374448299407959e-01
3.492448031902313232e-01
4.278495609760284424e-01
1.177456080913543701e-01
5.620506405830383301e-02
2.031780779361724854e-01
1.208641231060028076e-01
1.351398527622222900e-01
2.259828522801399231e-02
2.165673300623893738e-02
6.189463660120964050e-02
1.024314910173416138e-01
1.247764676809310913e-01
1.452642679214477539e-01
4.401153326034545898e-02
1.259087026119232178e-02
1.448359340429306030e-02
1.249485835433006287e-02
1.669507473707199097e-02
8.790834248065948486e-02
1.074080765247344971e-01
1.340093016624450684e-01
1.291971951723098755e-01
1.338097155094146729e-01
1.507546156644821167e-01
9.191374480724334717e-02
1.327912136912345886e-02
1.477982476353645325e-02
2.368356287479400635e-02
7.363596558570861816e-02
2.380203828215599060e-02
1.903762668371200562e-02
2.069992944598197937e-02
1.657681912183761597e-02
2.118454501032829285e-02
2.896839752793312073e-02
2.705535665154457092e-02
1.433386653661727905e-02
1.401285454630851746e-02
1.549787819385528564e-02
1.299910247325897217e-02
1.357830315828323364e-02
1.185874268412590027e-02
9.919732809066772461e-03
1.184230297803878784e-02
1.072795316576957703e-02
1.391051337122917175e-02
1.710952818393707275e-02
1.326711624860763550e-01
2.736248672008514404e-01
6.509946286678314209e-02
4.713704064488410950e-02
7.924993336200714111e-02
1.436746269464492798e-01
2.247041836380958557e-02
2.927367016673088074e-02
1.273459568619728088e-02
1.275629177689552307e-02
1.427235826849937439e-02
1.290306448936462402e-02
1.268684864044189453e-02
1.318522170186042786e-02
1.297400891780853271e-02
1.341718435287475586e-02
1.312886551022529602e-02
1.277776062488555908e-02
1.758376881480216980e-02
1.461067050695419312e-02
1.172738522291183472e-02
4.267797619104385376e-02
1.234512403607368469e-02
1.636942476034164429e-02
1.103991642594337463e-02
1.366536691784858704e-02
1.362184062600135803e-02
2.353185787796974182e-02
1.806775853037834167e-02
1.369389146566390991e-02
1.347062364220619202e-02
2.822790741920471191e-01
7.380804419517517090e-02
4.860582947731018066e-02
1.417559981346130371e-01
3.275360167026519775e-02
2.090519368648529053e-01
1.404207199811935425e-02
5.132222548127174377e-02
7.757876813411712646e-02
3.904131054878234863e-02
6.918064504861831665e-02
1.160662919282913208e-01
8.303922414779663086e-02
7.209698855876922607e-02
7.762198150157928467e-02
9.317891299724578857e-02
1.036581248044967651e-01
3.264284133911132812e-02
9.255926311016082764e-02
1.300296187400817871e-01
9.029419720172882080e-02
7.862539589405059814e-02
1.888375729322433472e-01
1.509071439504623413e-01
1.621976494789123535e-01
1.193699538707733154e-01
1.371386945247650146e-01
5.328639969229698181e-02
2.876598015427589417e-02
1.302437111735343933e-02
1.399419084191322327e-02
1.208506524562835693e-02
1.058505848050117493e-02
1.285601034760475159e-02
3.520942106842994690e-02
1.599945127964019775e-02
1.720276102423667908e-02
1.871788874268531799e-02
1.386861875653266907e-02
2.456303685903549194e-02
1.910913363099098206e-02
3.318834677338600159e-02
2.394614368677139282e-02
1.670682430267333984e-02
4.373413696885108948e-02
8.612790703773498535e-02
1.084619462490081787e-01
6.018124222755432129e-01
9.233242273330688477e-01
9.764093160629272461e-01
3.626875579357147217e-01
3.361229300498962402e-01
1.968758553266525269e-01
9.017024636268615723e-01
9.751294851303100586e-01
9.906554222106933594e-01
9.207573533058166504e-01
8.633409142494201660e-01
8.389310240745544434e-01
9.270406365394592285e-01
7.576491236686706543e-01
7.738501429557800293e-01
7.473115324974060059e-01
8.246166110038757324e-01
8.442643284797668457e-01
9.327104091644287109e-01
9.695097804069519043e-01
9.442048668861389160e-01
8.736263513565063477e-01
8.668420910835266113e-01
8.768829703330993652e-01
9.721868038177490234e-01
6.240439414978027344e-01
6.191694140434265137e-01
4.399750530719757080e-01
3.722180426120758057e-01
6.100304722785949707e-01
6.054881215095520020e-01
7.031250000000000000e-01
7.609202861785888672e-01
6.677116155624389648e-01
6.226261854171752930e-01
5.438170433044433594e-01
5.903992652893066406e-01
8.427394032478332520e-01
7.393998503684997559e-01
7.709444761276245117e-01
5.704842805862426758e-01
6.775528788566589355e-01
6.755174398422241211e-01
6.724957227706909180e-01
6.930490732192993164e-01
6.630302667617797852e-01
5.310894846916198730e-01
6.043060421943664551e-01
7.259275913238525391e-01
6.719425320625305176e-01
6.905853152275085449e-01
6.851772665977478027e-01
6.815504431724548340e-01
6.863564848899841309e-01
5.991861820220947266e-01
6.359364390373229980e-01
6.783604025840759277e-01
6.581850647926330566e-01
4.183163046836853027e-01
5.782455205917358398e-01
7.507099509239196777e-01
8.425807356834411621e-01
7.224221229553222656e-01
8.953319191932678223e-01
8.072969317436218262e-01
8.152571320533752441e-01
8.865242600440979004e-01
8.917537331581115723e-01
9.924828410148620605e-01
9.035109877586364746e-01
9.825506210327148438e-01
9.833063483238220215e-01
9.776902794837951660e-01
9.035663008689880371e-01
9.499632716178894043e-01
9.500348567962646484e-01
8.771787285804748535e-01
8.931828141212463379e-01
7.412022948265075684e-01
8.743780851364135742e-01
7.013436555862426758e-01
8.704383969306945801e-01
5.572314858436584473e-01
8.281440138816833496e-01
7.172141075134277344e-01
7.664610147476196289e-01
8.512944579124450684e-01
6.445613503456115723e-01
8.786769509315490723e-01
8.735005259513854980e-01
8.608817458152770996e-01
7.650587558746337891e-01
6.286856532096862793e-01
8.597136139869689941e-01
8.651728034019470215e-01
9.865174293518066406e-01
9.733838438987731934e-01
9.896538853645324707e-01
9.929521083831787109e-01
9.009798169136047363e-01
9.902070760726928711e-01
9.706920981407165527e-01
9.799376130104064941e-01
9.514272809028625488e-01
9.762743115425109863e-01
9.465714097023010254e-01
9.860277771949768066e-01
9.454600811004638672e-01
9.893636107444763184e-01
9.295387864112854004e-01
9.231413602828979492e-01
9.519850611686706543e-01
9.572883248329162598e-01
9.759194254875183105e-01
9.710270762443542480e-01
8.845298886299133301e-01
9.469517469406127930e-01
9.899973273277282715e-01
9.040792584419250488e-01
9.532208442687988281e-01
9.072533249855041504e-01
9.180943369865417480e-01
9.870170354843139648e-01
8.776648640632629395e-01
9.916241765022277832e-01
9.629760384559631348e-01
9.603624343872070312e-01
9.813446998596191406e-01
9.771705865859985352e-01
9.908294081687927246e-01
9.717194437980651855e-01
9.700735807418823242e-01
8.145290017127990723e-01
9.602684378623962402e-01
9.914408326148986816e-01
9.890608191490173340e-01
9.860108494758605957e-01
9.583136439323425293e-01
7.809645533561706543e-01
9.044066071510314941e-01
7.815546393394470215e-01
7.773362994194030762e-01
8.975993394851684570e-01
9.869480729103088379e-01
9.060145020484924316e-01
9.781128764152526855e-01
8.448390364646911621e-01
9.665951132774353027e-01
9.844192862510681152e-01
9.392810463905334473e-01
9.492797255516052246e-01
9.665735363960266113e-01
9.630138278007507324e-01
9.764928221702575684e-01
8.463409543037414551e-01
8.356530070304870605e-01
8.568878769874572754e-01
7.834144234657287598e-01
8.805191516876220703e-01
8.377743363380432129e-01
8.496962189674377441e-01
8.924725055694580078e-01
9.776632189750671387e-01
8.616424202919006348e-01
8.637828230857849121e-01
9.037709236145019531e-01
9.434169530868530273e-01
8.980271816253662109e-01
7.663342356681823730e-01
4.277450144290924072e-01
5.369324684143066406e-01
8.807649016380310059e-01
9.437749385833740234e-01
9.640182852745056152e-01
9.218099713325500488e-01
9.159218072891235352e-01
9.791927933692932129e-01
9.147140383720397949e-01
9.338628053665161133e-01
8.932155370712280273e-01
9.749836325645446777e-01
8.826057910919189453e-01
1.977097392082214355e-01
1.736305058002471924e-01
3.100884258747100830e-01
2.977251112461090088e-01
5.073637962341308594e-01
3.680053949356079102e-01
2.663415968418121338e-01
3.984896242618560791e-01
1.182108223438262939e-01
1.949030458927154541e-01
1.877595856785774231e-02
1.241093873977661133e-01
8.542209863662719727e-02
3.728010505437850952e-02
9.271588921546936035e-02
1.344621554017066956e-02
1.330291330814361572e-01
7.613405585289001465e-02
1.288696080446243286e-01
1.337560638785362244e-02
1.434419304132461548e-02
1.281268149614334106e-02
4.748314246535301208e-02
2.659133076667785645e-01
3.307871520519256592e-02
1.511298492550849915e-02
1.259697377681732178e-01
2.358996868133544922e-02
1.250170543789863586e-02
1.457824930548667908e-02
1.665577664971351624e-02
1.524687558412551880e-02
1.410522684454917908e-02
1.827284693717956543e-02
4.455295577645301819e-02
9.907390475273132324e-01
9.934142231941223145e-01
9.922399520874023438e-01
9.797614812850952148e-01
9.864463210105895996e-01
9.935995340347290039e-01
9.942997097969055176e-01
9.938298463821411133e-01
9.940071105957031250e-01
9.919146895408630371e-01
9.579905271530151367e-01
9.939368367195129395e-01
9.901515841484069824e-01
9.919247031211853027e-01
9.829142093658447266e-01
9.853722453117370605e-01
9.780022501945495605e-01
9.255160093307495117e-01
8.688384890556335449e-01
9.531331658363342285e-01
9.878137707710266113e-01
9.933221936225891113e-01
9.937452673912048340e-01
9.905684590339660645e-01
9.881424903869628906e-01
9.925867915153503418e-01
9.928166270256042480e-01
9.894964098930358887e-01
9.929050803184509277e-01
9.181635975837707520e-01
9.937617778778076172e-01
9.929503798484802246e-01
9.936509728431701660e-01
9.896370768547058105e-01
9.918639063835144043e-01
9.889157414436340332e-01
9.905795454978942871e-01
9.876422882080078125e-01
9.836022853851318359e-01
9.688621163368225098e-01
9.786249995231628418e-01
9.876329898834228516e-01
9.915624856948852539e-01
9.899773001670837402e-01
9.805691838264465332e-01
9.934699535369873047e-01
9.877015948295593262e-01
9.931638836860656738e-01
9.923013448715209961e-01
9.878250956535339355e-01
9.934415817260742188e-01
9.943134784698486328e-01
9.881040453910827637e-01
9.946529269218444824e-01
9.947865605354309082e-01
9.894303679466247559e-01
9.895504117012023926e-01
9.932454228401184082e-01
9.930607080459594727e-01
9.941664338111877441e-01
9.719119668006896973e-01
9.922741055488586426e-01
9.942978024482727051e-01
9.875409603118896484e-01
9.857983589172363281e-01
9.941856861114501953e-01
9.944784641265869141e-01
9.940332770347595215e-01
9.914869666099548340e-01
9.946693778038024902e-01
9.932311177253723145e-01
9.944077134132385254e-01
9.890353083610534668e-01
9.911401867866516113e-01
9.869692921638488770e-01
9.930424094200134277e-01
9.912547469139099121e-01
9.936270117759704590e-01
9.918920993804931641e-01
9.861342310905456543e-01
9.927713274955749512e-01
9.901428818702697754e-01
9.670234322547912598e-01
9.933813214302062988e-01
9.942693114280700684e-01
9.948353171348571777e-01
9.927669167518615723e-01
9.527304768562316895e-01
9.897261261940002441e-01
9.938940405845642090e-01
9.924604892730712891e-01
9.945868849754333496e-01
9.943705797195434570e-01
9.946055412292480469e-01
9.921038746833801270e-01
9.916155934333801270e-01
9.943993687629699707e-01
9.937713742256164551e-01
9.936679005622863770e-01
9.846758842468261719e-01
9.944274425506591797e-01
9.926366806030273438e-01
9.920373558998107910e-01
9.912962913513183594e-01
9.935278892517089844e-01
3.789199888706207275e-01
1.288371682167053223e-01
4.554421082139015198e-02
1.521660387516021729e-02
1.546377316117286682e-02
2.539808303117752075e-02
5.059864372014999390e-02
1.211116164922714233e-01
1.785014942288398743e-02
1.230157911777496338e-01
1.444509476423263550e-01
1.040166616439819336e-01
2.027315273880958557e-02
5.448138713836669922e-02
1.299865394830703735e-01
1.186429709196090698e-01
1.637822762131690979e-02
2.307811379432678223e-02
1.194243729114532471e-01
2.463554963469505310e-02
1.349993944168090820e-01
1.717191040515899658e-01
3.965187817811965942e-02
3.778468072414398193e-02
5.584460124373435974e-02
2.568838298320770264e-01
1.397796422243118286e-01
2.972347289323806763e-02
2.496399730443954468e-02
2.069888636469841003e-02
4.185581579804420471e-02
1.485484838485717773e-02
1.536461710929870605e-02
1.423159986734390259e-02
1.431315019726753235e-02
1.409407705068588257e-02
2.063528448343276978e-02
3.652279824018478394e-02
1.941996812820434570e-02
1.333902776241302490e-02
1.430762559175491333e-02
6.229866668581962585e-02
1.367475092411041260e-02
1.626829802989959717e-02
2.877411246299743652e-02
1.310329511761665344e-02
2.471116557717323303e-02
1.096969842910766602e-02
9.815961122512817383e-03
1.446987316012382507e-02
1.730236783623695374e-02
1.140761375427246094e-02
1.200135797262191772e-02
1.423220708966255188e-02
1.272539421916007996e-02
1.349584013223648071e-02
2.074484899640083313e-02
3.281318396329879761e-02
1.185430437326431274e-01
1.364884898066520691e-02
1.230639219284057617e-02
1.681848987936973572e-02
3.130870684981346130e-02
2.791463211178779602e-02
1.357684433460235596e-01
3.744687512516975403e-02
5.813602730631828308e-02
2.101644128561019897e-02
2.082946151494979858e-02
3.683879077434539795e-01
7.675226032733917236e-02
2.808125317096710205e-02
1.685929298400878906e-02
1.361221447587013245e-02
3.737150505185127258e-02
1.826787889003753662e-01
1.407728716731071472e-02
1.369121298193931580e-02
1.549161076545715332e-01
2.953620627522468567e-02
7.106830179691314697e-02
2.047574520111083984e-02
1.980737596750259399e-02
7.268664985895156860e-02
1.338222995400428772e-02
1.789648458361625671e-02
2.201438695192337036e-02
2.827183902263641357e-01
2.095741406083106995e-02
2.751453220844268799e-02
1.853135228157043457e-02
1.754143834114074707e-02
2.548805996775627136e-02
1.681451871991157532e-02
1.366009935736656189e-02
2.281542122364044189e-02
1.370444521307945251e-02
1.316430047154426575e-02
1.344199851155281067e-02
1.407943665981292725e-02
1.190531253814697266e-02
1.980309560894966125e-02
5.586715787649154663e-02
1.438472047448158264e-02
1.814971491694450378e-02
1.583067327737808228e-02
1.183061674237251282e-02
1.409991830587387085e-02
1.551637798547744751e-02
2.191614359617233276e-02
3.221986815333366394e-02
1.509426906704902649e-02
1.284705102443695068e-02
2.042933180928230286e-02
3.051743209362030029e-01
3.473552316427230835e-02
8.200991153717041016e-02
2.311366051435470581e-02
2.001227438449859619e-02
1.790988817811012268e-02
1.204826310276985168e-02
1.771738752722740173e-02
1.258881390094757080e-02
7.137924432754516602e-02
1.901928335428237915e-02
1.172396168112754822e-02
1.360559836030006409e-02
1.401602849364280701e-02
1.220818981528282166e-02
2.847593277692794800e-02
1.602840423583984375e-02
2.603628486394882202e-02
2.252145111560821533e-02
2.550419420003890991e-02
1.237577050924301147e-01
1.318719238042831421e-02
1.297887042164802551e-02
3.167885169386863708e-02
5.146761611104011536e-02
2.452535554766654968e-02
1.727272942662239075e-02
3.006653115153312683e-02
2.095483988523483276e-02
2.838650718331336975e-02
2.538535296916961670e-01
2.493701502680778503e-02
1.731881126761436462e-02
1.185176894068717957e-02
9.720146656036376953e-03
4.576030373573303223e-02
1.101035252213478088e-02
2.476956099271774292e-01
1.555344089865684509e-02
2.842887490987777710e-02
1.405187323689460754e-02
6.954185664653778076e-02
6.341920793056488037e-02
4.011485278606414795e-01
3.104405477643013000e-02
1.355108618736267090e-01
1.198217272758483887e-02
1.216785237193107605e-02
2.510031312704086304e-02
3.877771794795989990e-01
2.577694654464721680e-01
5.174864530563354492e-01
3.401011526584625244e-01
3.112674653530120850e-01
1.180845946073532104e-01
3.634214699268341064e-01
2.832716405391693115e-01
2.773732542991638184e-01
4.325163066387176514e-01
1.657063513994216919e-02
1.023605167865753174e-01
8.639395236968994141e-02
4.855373799800872803e-01
2.816883027553558350e-01
2.317954152822494507e-01
1.928853839635848999e-01
2.627311646938323975e-01
2.215019464492797852e-01
1.822364330291748047e-02
1.330796927213668823e-01
1.492073759436607361e-02
1.309081166982650757e-02
1.377729326486587524e-02
2.914898842573165894e-02
2.035658806562423706e-02
1.245910674333572388e-02
1.451749727129936218e-02
1.381102949380874634e-02
1.336451247334480286e-02
1.274101063609123230e-02
1.446843519806861877e-02
8.763544261455535889e-03
1.441890746355056763e-02
1.835192739963531494e-02
1.413727924227714539e-02
8.961241692304611206e-03
5.008425563573837280e-02
1.810967177152633667e-02
2.932691201567649841e-02
2.250028774142265320e-02
9.453624486923217773e-02
2.256343513727188110e-02
4.603208974003791809e-02
1.384021788835525513e-01
3.332233428955078125e-01
4.896196722984313965e-02
1.869317144155502319e-01
2.167019993066787720e-01
4.868549108505249023e-02
1.675701141357421875e-02
1.138185858726501465e-01
3.729362040758132935e-02
4.780044779181480408e-02
1.429345086216926575e-02
1.296583190560340881e-02
1.333491876721382141e-02
1.584178581833839417e-02
1.819227263331413269e-02
7.643678784370422363e-02
6.572654843330383301e-02
1.914746314287185669e-02
1.111749857664108276e-01
9.913635253906250000e-02
5.080554485321044922e-01
5.816265940666198730e-01
5.119793415069580078e-01
4.487392604351043701e-01
3.423213362693786621e-01
4.043714404106140137e-01
7.285739779472351074e-01
4.266978502273559570e-01
3.904751837253570557e-01
4.247325956821441650e-01
1.433689892292022705e-02
1.280101388692855835e-02
1.398304849863052368e-02
1.344933360815048218e-02
4.372633621096611023e-02
1.826136186718940735e-02
2.027891203761100769e-02
1.218679547309875488e-02
1.574971526861190796e-02
1.298431307077407837e-02
1.062108576297760010e-02
1.226895675063133240e-02
1.240340620279312134e-02
1.954373717308044434e-02
3.787906467914581299e-02
1.461573317646980286e-02
1.309835910797119141e-02
1.072070598602294922e-01
6.455640494823455811e-02
1.617981940507888794e-01
7.610823214054107666e-02
1.436837017536163330e-02
1.649242639541625977e-02
1.773468405008316040e-02
2.129563316702842712e-02
1.316223740577697754e-01
1.743581891059875488e-02
1.697127148509025574e-02
1.301243901252746582e-02
1.236451417207717896e-02
1.153799146413803101e-02
1.499133557081222534e-02
1.098085939884185791e-02
1.163330301642417908e-02
1.436216011643409729e-02
1.412805914878845215e-02
4.489330574870109558e-02
2.213278040289878845e-02
2.640090882778167725e-02
1.076347529888153076e-01
2.876941263675689697e-01
3.463229835033416748e-01
3.740874826908111572e-01
2.702994346618652344e-01
2.721654176712036133e-01
1.826566159725189209e-01
1.671753376722335815e-01
1.898658275604248047e-01
3.040501475334167480e-01
2.797116935253143311e-01
1.303591728210449219e-01
1.974553614854812622e-01
9.611687064170837402e-02
2.445331513881683350e-01
2.825635373592376709e-01
2.223096936941146851e-01
1.751830726861953735e-01
2.562405467033386230e-01
2.822569310665130615e-01
3.463614284992218018e-01
3.557637631893157959e-01
4.158006608486175537e-02
1.980919390916824341e-02
2.051941305398941040e-02
4.501110687851905823e-02
4.030463472008705139e-02
1.132353991270065308e-01
6.418938934803009033e-02
1.415380835533142090e-02
1.028327792882919312e-01
3.401354327797889709e-02
1.850877329707145691e-02
7.667097449302673340e-02
1.661747395992279053e-01
9.774884581565856934e-02
5.740989446640014648e-01
1.566142737865447998e-01
1.246954500675201416e-01
2.731335163116455078e-01
2.721926569938659668e-02
1.788353174924850464e-02
3.353818133473396301e-02
1.854787766933441162e-02
2.831955626606941223e-02
2.087835222482681274e-02
5.404634773731231689e-02
7.166352868080139160e-02
5.420324206352233887e-02
1.626540273427963257e-01
5.794289335608482361e-02
3.230007588863372803e-01
8.798903226852416992e-02
1.195358633995056152e-01
9.003429114818572998e-02
1.574133336544036865e-02
2.056161686778068542e-02
1.417670771479606628e-02
2.900153771042823792e-02
8.812664449214935303e-02
5.990939587354660034e-02
4.519489780068397522e-02
8.044978976249694824e-02
1.344331353902816772e-02
1.221223622560501099e-01
3.668205738067626953e-01
3.163745701313018799e-01
2.559757530689239502e-01
2.057378739118576050e-02
1.519200205802917480e-02
6.857912242412567139e-02
4.012085124850273132e-02
1.353852450847625732e-01
3.603234589099884033e-01
2.519556879997253418e-01
2.927099764347076416e-01
1.956148445606231689e-01
2.346608191728591919e-01
2.411758452653884888e-01
2.242355197668075562e-01
2.991851866245269775e-01
2.812896966934204102e-01
3.158292472362518311e-01
6.025360152125358582e-02
1.467183604836463928e-02
5.574727430939674377e-02
9.850941598415374756e-02
1.125419437885284424e-01
1.562347263097763062e-02
7.224702835083007812e-02
6.572771817445755005e-02
1.821120083332061768e-02
1.659741997718811035e-02
1.298997178673744202e-02
1.378521695733070374e-02
1.556861028075218201e-02
1.529999822378158569e-02
2.564126253128051758e-02
1.589184254407882690e-02
1.614912599325180054e-02
1.208281144499778748e-02
1.871849969029426575e-02
2.789810299873352051e-02
2.227322012186050415e-02
2.372079715132713318e-02
1.332958415150642395e-02
1.279623806476593018e-02
1.642437651753425598e-02
1.810841262340545654e-02
1.559332013130187988e-02
1.401972398161888123e-02
1.836245879530906677e-02
1.420986279845237732e-02
1.192646846175193787e-02
1.330972835421562195e-02
5.264778807759284973e-02
2.018352597951889038e-02
1.336107030510902405e-02
5.579217150807380676e-02
9.905463457107543945e-01
9.893730282783508301e-01
9.903538823127746582e-01
9.947130084037780762e-01
9.916817545890808105e-01
9.946523308753967285e-01
9.848099350929260254e-01
9.931384325027465820e-01
9.731398224830627441e-01
9.929553866386413574e-01
9.807260632514953613e-01
9.938797354698181152e-01
9.933003187179565430e-01
9.866787195205688477e-01
9.923169016838073730e-01
9.925001263618469238e-01
9.894910454750061035e-01
9.938897490501403809e-01
9.840254783630371094e-01
9.896851778030395508e-01
9.925962090492248535e-01
9.690538644790649414e-01
9.837669134140014648e-01
9.645308852195739746e-01
9.784091114997863770e-01
9.909214973449707031e-01
9.869123101234436035e-01
9.588075280189514160e-01
9.780158400535583496e-01
9.856672286987304688e-01
9.929762482643127441e-01
9.863157868385314941e-01
9.817879796028137207e-01
9.841217398643493652e-01
9.900822043418884277e-01
9.860383868217468262e-01
9.916546344757080078e-01
9.825780987739562988e-01
9.945018887519836426e-01
9.933167695999145508e-01
9.931725859642028809e-01
9.938064813613891602e-01
9.943550825119018555e-01
9.917293190956115723e-01
9.699764847755432129e-01
9.943515658378601074e-01
9.830026030540466309e-01
9.559675455093383789e-01
9.843271374702453613e-01
9.501419067382812500e-01
9.546332955360412598e-01
8.948211669921875000e-01
7.013596296310424805e-01
1.727230995893478394e-01
1.937849819660186768e-02
5.077732726931571960e-02
1.018177717924118042e-02
1.242820173501968384e-02
1.310696825385093689e-02
1.329967752099037170e-02
1.420137286186218262e-02
5.187469720840454102e-02
2.221788465976715088e-02
2.146560996770858765e-01
7.789917290210723877e-02
4.082840308547019958e-02
1.936283707618713379e-02
1.423528790473937988e-02
1.222152635455131531e-02
1.221718266606330872e-02
1.889558508992195129e-02
1.504336297512054443e-02
1.685472577810287476e-02
8.334886282682418823e-03
2.756344154477119446e-02
3.278312087059020996e-02
1.874135434627532959e-02
1.367733255028724670e-02
2.212731912732124329e-02
1.501471400260925293e-01
5.751319974660873413e-02
2.163458243012428284e-02
2.355773299932479858e-01
1.220623776316642761e-02
1.513849571347236633e-02
1.403689384460449219e-02
1.963085681200027466e-02
1.534865796566009521e-02
1.393162459135055542e-02
2.307392284274101257e-02
2.492420747876167297e-02
2.382212877273559570e-02
1.010203361511230469e-01
2.995668351650238037e-02
1.391455084085464478e-01
7.885769009590148926e-02
1.006303429603576660e-01
3.215960040688514709e-02
1.000593751668930054e-01
2.008115947246551514e-01
2.800265848636627197e-01
3.726427257061004639e-01
8.731637597084045410e-01
5.477344393730163574e-01
2.971302866935729980e-01
1.383433938026428223e-01
2.578417956829071045e-01
3.073478937149047852e-01
2.857799232006072998e-01
2.900882363319396973e-01
2.973438799381256104e-01
2.843418121337890625e-01
2.885046899318695068e-01
3.759101927280426025e-01
2.700664103031158447e-01
2.953853905200958252e-01
2.837827205657958984e-01
2.370760142803192139e-01
2.779578864574432373e-01
1.747962087392807007e-01
2.490382790565490723e-01
1.669839918613433838e-01
2.640791535377502441e-01
2.712495028972625732e-01
3.246465027332305908e-01
2.428523302078247070e-01
1.631144881248474121e-01
7.837188243865966797e-02
3.342385292053222656e-01
2.853948771953582764e-01
2.368214577436447144e-01
3.124020099639892578e-01
5.847203731536865234e-01
2.920806407928466797e-01
2.851801216602325439e-01
2.998247444629669189e-01
1.462422311305999756e-01
2.606677711009979248e-01
1.772047877311706543e-01
1.161027550697326660e-01
1.834377050399780273e-01
3.536117970943450928e-01
3.390623033046722412e-01
3.561669886112213135e-01
3.719983100891113281e-01
3.078123331069946289e-01
3.322443664073944092e-01
3.847734034061431885e-01
3.417933285236358643e-01
2.957014441490173340e-01
3.421526849269866943e-01
4.430246055126190186e-01
3.805646598339080811e-01
3.867371976375579834e-01
3.596877753734588623e-01
3.611934483051300049e-01
4.264958798885345459e-01
3.604855239391326904e-01
3.540008962154388428e-01
6.036481261253356934e-02
2.221131175756454468e-01
5.383366346359252930e-02
1.648512110114097595e-02
1.485512033104896545e-02
1.333836838603019714e-02
5.392134562134742737e-02
2.400403842329978943e-02
4.788559302687644958e-02
5.774404481053352356e-02
1.336041092872619629e-02
1.739438623189926147e-02
1.072872877120971680e-01
4.918086901307106018e-02
9.987625479698181152e-02
1.651314646005630493e-02
8.490096032619476318e-02
7.630212604999542236e-02
2.051611244678497314e-02
4.787174239754676819e-02
1.467176526784896851e-02
3.066854774951934814e-01
1.948228478431701660e-02
2.886912226676940918e-02
1.465516537427902222e-02
2.618065103888511658e-02
2.803143486380577087e-02
3.935730829834938049e-02
1.790544018149375916e-02
2.054604142904281616e-02
1.760381832718849182e-02
1.233993098139762878e-02
1.381960883736610413e-02
1.308455318212509155e-02
1.177519187331199646e-02
1.352396234869956970e-02
1.568191871047019958e-02
1.745027303695678711e-02
1.385109871625900269e-02
1.407513394951820374e-02
2.041280269622802734e-02
2.660614550113677979e-01
2.631617709994316101e-02
3.644688427448272705e-01
5.093071460723876953e-01
1.284784525632858276e-01
1.264914870262145996e-01
2.670850977301597595e-02
1.288028657436370850e-01
1.400155872106552124e-01
2.375226840376853943e-02
2.154741436243057251e-01
1.789019107818603516e-01
1.738424450159072876e-01
6.943267583847045898e-02
1.013846546411514282e-01
1.138352602720260620e-01
9.811066091060638428e-02
3.971488177776336670e-01
2.096742540597915649e-01
1.233368664979934692e-01
3.634677082300186157e-02
9.758771955966949463e-02
1.254803389310836792e-01
1.846828758716583252e-01
1.832983270287513733e-02
2.020330727100372314e-02
1.557669416069984436e-02
4.867919981479644775e-01
1.127782315015792847e-01
1.930367574095726013e-02
9.994304180145263672e-02
1.004283875226974487e-01
2.202257961034774780e-01
1.640883460640907288e-02
2.838706597685813904e-02
1.336653977632522583e-01
6.893776357173919678e-02
4.082223400473594666e-02
7.824465632438659668e-02
1.487882807850837708e-02
6.396739929914474487e-02
2.387935295701026917e-02
5.844293162226676941e-02
5.633154138922691345e-02
1.610191613435745239e-01
2.454805001616477966e-02
1.980669051408767700e-02
1.632735133171081543e-02
1.495140790939331055e-02
1.405428349971771240e-02
1.578195765614509583e-02
1.502206921577453613e-02
5.914551764726638794e-02
1.347943693399429321e-01
1.389867439866065979e-02
1.988092064857482910e-02
5.964069440960884094e-02
6.478063762187957764e-02
4.558784514665603638e-02
8.817259967327117920e-02
1.831430569291114807e-02
2.837724238634109497e-02
1.918270066380500793e-02
1.765805855393409729e-02
1.292446628212928772e-02
1.304797083139419556e-02
1.179780438542366028e-02
2.728866413235664368e-02
3.648088127374649048e-02
1.948593929409980774e-02
4.723338037729263306e-02
3.009489178657531738e-02
2.901824936270713806e-02
1.109607666730880737e-01
2.322805672883987427e-02
2.461383119225502014e-02
1.390327140688896179e-02
2.105242758989334106e-02
1.489515230059623718e-02
1.405471190810203552e-02
1.448367536067962646e-02
2.504881471395492554e-02
1.532074064016342163e-02
1.316693052649497986e-02
1.236963272094726562e-02
1.592677086591720581e-02
1.303701847791671753e-02
2.701795101165771484e-02
1.312355324625968933e-02
1.365580037236213684e-02
1.769010722637176514e-02
1.811997964978218079e-02
1.895493268966674805e-02
1.281165331602096558e-02
1.331825926899909973e-02
1.118671894073486328e-02
1.119666174054145813e-02
1.311137899756431580e-02
1.314193010330200195e-02
1.437487825751304626e-02
1.636296510696411133e-02
3.729653358459472656e-02
2.326545491814613342e-02
1.455039530992507935e-02
2.490073814988136292e-02
2.023823559284210205e-02
3.309952840209007263e-02
1.456738635897636414e-02
2.375910803675651550e-02
1.293972134590148926e-02
1.989736780524253845e-02
2.180201932787895203e-02
1.853744313120841980e-02
2.510220557451248169e-02
1.428831741213798523e-02
1.559964567422866821e-02
1.336410641670227051e-02
1.536539942026138306e-02
5.894043669104576111e-02
1.399581879377365112e-02
1.294637098908424377e-02
1.430723443627357483e-02
1.256887987256050110e-02
1.325908675789833069e-02
1.299745962023735046e-02
1.371262595057487488e-02
1.505805179476737976e-02
1.677649468183517456e-02
1.342840492725372314e-02
3.466938063502311707e-02
1.241074502468109131e-02
1.535491272807121277e-02
1.342801749706268311e-02
1.607957109808921814e-02
1.275360584259033203e-02
2.331056445837020874e-02
1.253178715705871582e-02
2.016424015164375305e-02
2.017337828874588013e-02
6.124784052371978760e-02
3.517362177371978760e-01
1.760131418704986572e-01
1.831401512026786804e-02
1.569431275129318237e-02
6.310907006263732910e-02
7.385554909706115723e-02
2.769943326711654663e-02
4.014558345079421997e-02
9.087292850017547607e-02
1.622023731470108032e-01
2.969093248248100281e-02
1.029753237962722778e-01
1.218966394662857056e-02
1.572384685277938843e-02
1.094748526811599731e-01
4.683293402194976807e-02
1.622976362705230713e-02
1.562590003013610840e-01
2.527215778827667236e-01
1.557045280933380127e-01
8.375371992588043213e-02
2.622521296143531799e-02
1.472412049770355225e-01
4.272558391094207764e-01
1.378339678049087524e-01
1.068774014711380005e-01
1.562193408608436584e-02
1.907922700047492981e-02
8.699475228786468506e-02
8.549501001834869385e-02
2.389847338199615479e-01
3.242732957005500793e-02
2.756189927458763123e-02
3.045590594410896301e-02
2.754374593496322632e-02
3.959525749087333679e-02
6.103871017694473267e-02
9.460622072219848633e-02
4.273953661322593689e-02
4.288564994931221008e-02
2.890631556510925293e-01
4.611253365874290466e-02
9.287595748901367188e-02
1.373902559280395508e-01
1.934336870908737183e-02
2.917812019586563110e-02
3.363678604364395142e-02
9.472852945327758789e-02
3.536796197295188904e-02
1.285574212670326233e-02
1.099744811654090881e-02
1.483026146888732910e-02
1.409443467855453491e-02
7.632227987051010132e-02
1.544635370373725891e-02
1.257231459021568298e-02
5.295665562152862549e-02
3.491481840610504150e-01
5.473696589469909668e-01
2.259302735328674316e-01
3.105648458003997803e-01
4.327083230018615723e-01
2.675421833992004395e-01
4.599840342998504639e-01
4.672504961490631104e-01
1.255100071430206299e-01
9.207925200462341309e-02
4.670778661966323853e-02
8.874563872814178467e-02
2.790081202983856201e-01
1.968031674623489380e-01
1.681969016790390015e-01
1.889560222625732422e-01
1.409292817115783691e-01
1.007763296365737915e-01
1.369824260473251343e-01
4.728287830948829651e-02
3.412118926644325256e-02
1.203616261482238770e-01
1.331460624933242798e-01
1.986796706914901733e-01
1.417872607707977295e-01
2.335000783205032349e-02
4.149129241704940796e-02
2.121706679463386536e-02
9.863916039466857910e-02
1.334517076611518860e-02
1.564054191112518311e-02
5.555919557809829712e-02
6.533613801002502441e-02
1.957895234227180481e-02
2.143679559230804443e-01
3.041990697383880615e-01
4.034922719001770020e-01
3.915767371654510498e-01
3.145477473735809326e-01
4.679163992404937744e-01
4.767307937145233154e-01
4.710246622562408447e-01
4.804116785526275635e-01
5.437321066856384277e-01
4.868585169315338135e-01
5.435608029365539551e-01
3.329124152660369873e-01
1.668338328599929810e-01
1.934907287359237671e-01
4.068300127983093262e-01
3.860023245215415955e-02
3.768233954906463623e-02
1.599909365177154541e-02
8.138686418533325195e-02
1.622341200709342957e-02
5.393206700682640076e-02
1.758414134383201599e-02
1.365549117326736450e-02
2.193563804030418396e-02
4.791161045432090759e-02
1.813124120235443115e-02
1.385238766670227051e-02
1.182490214705467224e-02
1.344574987888336182e-02
4.518430531024932861e-01
5.166865587234497070e-01
3.871962800621986389e-02
3.247416019439697266e-02
2.120783925056457520e-02
4.943735897541046143e-02
1.057328730821609497e-01
1.852934360504150391e-01
2.759687602519989014e-02
4.242238774895668030e-02
1.608451083302497864e-02
4.082494974136352539e-02
1.350745558738708496e-01
1.126441657543182373e-01
2.200920283794403076e-01
3.254708349704742432e-01
3.065415918827056885e-01
1.926528662443161011e-01
2.414044141769409180e-01
2.024355530738830566e-01
2.678217291831970215e-01
1.707547008991241455e-01
1.538890302181243896e-01
1.124747246503829956e-01
2.355720475316047668e-02
1.038791090250015259e-01
8.725969493389129639e-02
1.554450094699859619e-01
1.344361901283264160e-01
1.200579106807708740e-01
6.103765964508056641e-02
2.263529226183891296e-02
3.569087013602256775e-02
7.652848958969116211e-02
2.854704558849334717e-01
4.042156934738159180e-01
2.876506373286247253e-02
1.756006032228469849e-01
3.744439184665679932e-01
