9.210262894630432129e-01
9.479902386665344238e-01
9.630469083786010742e-01
9.286809563636779785e-01
9.444850087165832520e-01
9.231867194175720215e-01
8.924120068550109863e-01
9.193056821823120117e-01
9.323295950889587402e-01
9.318441748619079590e-01
9.681926369667053223e-01
9.391936659812927246e-01
9.427161812782287598e-01
9.220915436744689941e-01
9.459684491157531738e-01
9.486136436462402344e-01
9.486614465713500977e-01
9.046756029129028320e-01
9.585495591163635254e-01
9.520316720008850098e-01
9.649791121482849121e-01
9.033988118171691895e-01
8.660786747932434082e-01
8.614714741706848145e-01
8.607079982757568359e-01
9.197459816932678223e-01
9.328097701072692871e-01
9.401088953018188477e-01
9.454807639122009277e-01
9.192968606948852539e-01
9.198685884475708008e-01
8.728806376457214355e-01
9.194277524948120117e-01
9.257372021675109863e-01
9.270255565643310547e-01
9.252809882164001465e-01
9.366992115974426270e-01
9.335359930992126465e-01
9.187622070312500000e-01
9.072782397270202637e-01
9.373466372489929199e-01
9.416310787200927734e-01
9.024111628532409668e-01
9.594425559043884277e-01
9.511189460754394531e-01
9.386627078056335449e-01
9.063866138458251953e-01
8.794885277748107910e-01
9.243682622909545898e-01
9.371388554573059082e-01
9.343389868736267090e-01
9.284765124320983887e-01
9.371065497398376465e-01
9.223808646202087402e-01
9.432394504547119141e-01
9.473408460617065430e-01
8.926255702972412109e-01
9.459360241889953613e-01
9.043982625007629395e-01
9.337102770805358887e-01
9.438751339912414551e-01
9.179126024246215820e-01
9.054110646247863770e-01
8.740554451942443848e-01
8.583101630210876465e-01
8.395268321037292480e-01
9.322830438613891602e-01
9.283064007759094238e-01
9.075707793235778809e-01
9.421758651733398438e-01
8.972665667533874512e-01
8.885761499404907227e-01
9.041805267333984375e-01
8.401376605033874512e-01
8.498947024345397949e-01
9.275417923927307129e-01
9.185054898262023926e-01
9.029676914215087891e-01
9.194361567497253418e-01
9.225156903266906738e-01
9.244089126586914062e-01
9.276718497276306152e-01
9.120826125144958496e-01
8.962841033935546875e-01
9.037496447563171387e-01
8.826990723609924316e-01
8.908687829971313477e-01
9.069613218307495117e-01
9.258069396018981934e-01
9.179581999778747559e-01
8.585328459739685059e-01
9.036782383918762207e-01
8.999728560447692871e-01
8.968672752380371094e-01
8.831374049186706543e-01
8.465421795845031738e-01
7.898551821708679199e-01
9.168807268142700195e-01
9.101891517639160156e-01
9.003536105155944824e-01
8.805362582206726074e-01
9.135044217109680176e-01
9.102765917778015137e-01
9.086295962333679199e-01
8.764475584030151367e-01
8.856453299522399902e-01
8.697813153266906738e-01
8.747738599777221680e-01
8.261655569076538086e-01
7.640733122825622559e-01
8.157242536544799805e-01
5.305510163307189941e-01
7.894366383552551270e-01
7.688230872154235840e-01
1.846830397844314575e-01
3.132397234439849854e-01
3.952229321002960205e-01
8.557952195405960083e-02
1.688062846660614014e-01
1.939595639705657959e-01
2.233254015445709229e-01
4.336380064487457275e-01
1.529568284749984741e-01
1.746660321950912476e-01
3.741183876991271973e-01
2.948288917541503906e-01
2.331983149051666260e-01
1.972356736660003662e-01
1.353124082088470459e-01
9.694774448871612549e-02
1.276578009128570557e-01
7.135248184204101562e-02
1.618737578392028809e-01
1.516826450824737549e-01
1.598349958658218384e-01
1.742744147777557373e-01
1.218721494078636169e-01
1.275701224803924561e-01
1.809253990650177002e-01
2.176549732685089111e-01
1.778807342052459717e-01
9.448895603418350220e-02
1.102079972624778748e-01
1.310508251190185547e-01
1.298320889472961426e-01
6.008719652891159058e-02
1.582252085208892822e-01
1.517565995454788208e-01
1.443680524826049805e-01
1.404153853654861450e-01
8.290677517652511597e-02
1.022820100188255310e-01
1.931872367858886719e-01
3.453036248683929443e-01
1.414813399314880371e-01
5.556244850158691406e-01
3.263644576072692871e-01
1.878924816846847534e-01
1.197106465697288513e-01
1.932405680418014526e-01
1.809950768947601318e-01
1.212043538689613342e-01
1.644526124000549316e-01
2.269356846809387207e-01
1.711548119783401489e-01
2.085372358560562134e-01
1.981471180915832520e-01
9.820563346147537231e-02
1.143721863627433777e-01
1.746060997247695923e-01
2.167111486196517944e-01
2.580764591693878174e-01
1.631081998348236084e-01
3.751785755157470703e-01
3.812973797321319580e-01
2.098412960767745972e-01
1.688862890005111694e-01
2.265709340572357178e-01
6.490399241447448730e-01
4.480873942375183105e-01
3.138609826564788818e-01
3.868201971054077148e-01
1.046008393168449402e-01
7.719817757606506348e-02
2.707280814647674561e-01
8.561506867408752441e-02
6.963422894477844238e-01
2.022862732410430908e-01
2.842024862766265869e-01
2.638051807880401611e-01
9.848064929246902466e-02
1.634063720703125000e-01
2.501466274261474609e-01
1.534762680530548096e-01
2.617161870002746582e-01
1.339099854230880737e-01
1.272933334112167358e-01
1.396321952342987061e-01
1.660979241132736206e-01
1.540808379650115967e-01
2.450896799564361572e-01
2.127017676830291748e-01
1.039678528904914856e-01
1.272689849138259888e-01
6.058163195848464966e-02
1.009839400649070740e-01
4.953034967184066772e-02
2.104273736476898193e-01
1.625012457370758057e-01
1.901539713144302368e-01
2.873026132583618164e-01
6.555580496788024902e-01
1.777664721012115479e-01
2.120913267135620117e-01
3.351874053478240967e-01
2.229213416576385498e-01
1.025660857558250427e-01
1.540020406246185303e-01
1.507852375507354736e-01
1.231534406542778015e-01
-3.619348630309104919e-03
3.892402350902557373e-02
1.423456221818923950e-01
1.689974963665008545e-01
1.587276756763458252e-01
2.682705521583557129e-01
2.624834477901458740e-01
1.406829506158828735e-01
9.771288186311721802e-02
1.431897729635238647e-01
1.028806939721107483e-01
1.150544807314872742e-01
8.831827342510223389e-02
1.906389147043228149e-01
1.744571328163146973e-01
2.045567333698272705e-01
4.568183124065399170e-01
2.578122317790985107e-01
1.971226185560226440e-01
1.932255178689956665e-01
2.917397618293762207e-01
2.754837572574615479e-01
2.232719957828521729e-01
1.510833501815795898e-01
1.946636438369750977e-01
1.500466018915176392e-01
5.517895519733428955e-02
9.554903954267501831e-02
1.539094932377338409e-02
1.646055877208709717e-01
3.926630020141601562e-01
1.143673881888389587e-01
1.418700516223907471e-01
1.757819056510925293e-01
2.513620853424072266e-01
4.304729402065277100e-02
1.507532298564910889e-01
2.063362300395965576e-01
2.346245944499969482e-01
3.558660447597503662e-01
1.919962912797927856e-01
3.938548564910888672e-01
6.270928978919982910e-01
4.650965929031372070e-01
2.706055641174316406e-01
2.722194492816925049e-01
9.372344613075256348e-02
1.946295946836471558e-01
3.165547251701354980e-01
1.355603337287902832e-01
3.311398029327392578e-01
2.259339988231658936e-01
3.260023891925811768e-01
1.053963378071784973e-01
2.604685723781585693e-01
2.659241259098052979e-01
1.041867807507514954e-01
2.247574925422668457e-01
5.289238095283508301e-01
2.071194499731063843e-01
1.735778152942657471e-01
3.599958717823028564e-01
3.371676206588745117e-01
3.458718359470367432e-01
3.074484765529632568e-01
2.711290717124938965e-01
5.412406325340270996e-01
8.325325846672058105e-01
2.947857677936553955e-01
4.914704263210296631e-01
6.284660100936889648e-01
4.073478281497955322e-01
2.650676965713500977e-01
4.430293142795562744e-01
5.800411701202392578e-01
1.853215545415878296e-01
4.196813106536865234e-01
4.320703744888305664e-01
2.679078280925750732e-01
1.289400458335876465e-01
3.665920794010162354e-01
1.550704091787338257e-01
1.819909960031509399e-01
1.487194895744323730e-01
2.773991823196411133e-01
2.029376626014709473e-01
2.295113503932952881e-01
1.661726236343383789e-01
1.733344644308090210e-01
1.472921967506408691e-01
1.736868917942047119e-01
8.132008463144302368e-02
6.011466979980468750e-01
1.962472647428512573e-01
2.278487682342529297e-01
7.298859953880310059e-01
5.369706749916076660e-01
7.605497241020202637e-01
3.112492859363555908e-01
4.702569246292114258e-01
4.573989510536193848e-01
2.520424723625183105e-01
3.260952532291412354e-01
5.622405409812927246e-01
2.410446703433990479e-01
3.087917268276214600e-01
2.804291546344757080e-01
1.502950638532638550e-01
2.989761829376220703e-01
2.218346446752548218e-01
1.806968301534652710e-01
4.291756451129913330e-01
2.681187689304351807e-01
2.719041705131530762e-01
2.316625714302062988e-01
1.710906624794006348e-01
1.028284355998039246e-01
2.697667777538299561e-01
3.309889137744903564e-01
1.782324612140655518e-01
3.369211852550506592e-01
2.690041065216064453e-01
1.210082247853279114e-01
1.774917840957641602e-01
6.956179738044738770e-01
5.342988371849060059e-01
4.508987367153167725e-01
6.909825205802917480e-01
6.044242978096008301e-01
6.452565789222717285e-01
2.772589623928070068e-01
4.780285060405731201e-01
1.595042943954467773e-01
2.292078435420989990e-01
2.443228960037231445e-01
1.973029822111129761e-01
3.596304357051849365e-01
1.673611551523208618e-01
5.190886855125427246e-01
2.372820079326629639e-01
3.751293420791625977e-01
2.567201554775238037e-01
2.220997214317321777e-01
1.962739974260330200e-01
1.399858742952346802e-01
1.649343669414520264e-01
2.971223592758178711e-01
5.063347220420837402e-01
1.237785145640373230e-01
1.350671052932739258e-01
3.021781146526336670e-01
2.393969595432281494e-01
1.483672559261322021e-01
2.988102138042449951e-01
1.210046634078025818e-01
1.305925101041793823e-01
1.382454633712768555e-01
1.447559893131256104e-01
2.106561958789825439e-01
1.468477845191955566e-01
1.970641762018203735e-01
1.945930272340774536e-01
1.705201268196105957e-01
2.162344455718994141e-01
2.579513192176818848e-01
2.206239104270935059e-01
2.210209369659423828e-01
1.471196562051773071e-01
1.626958996057510376e-01
1.254279166460037231e-01
1.027970388531684875e-01
1.690461337566375732e-01
2.997472584247589111e-01
1.507696658372879028e-01
1.269038319587707520e-01
8.779072016477584839e-02
1.900514364242553711e-01
9.103537350893020630e-02
1.943066418170928955e-01
1.152484342455863953e-01
1.725531667470932007e-01
2.759060263633728027e-01
1.745058149099349976e-01
2.451283037662506104e-01
2.338787019252777100e-01
2.281734049320220947e-01
1.124719306826591492e-01
2.582949697971343994e-01
2.066816389560699463e-01
1.742605268955230713e-01
1.624579578638076782e-01
1.869656145572662354e-01
2.413160502910614014e-01
1.310663074254989624e-01
1.267530620098114014e-01
1.251954138278961182e-01
1.651453077793121338e-01
1.275255531072616577e-01
1.523617804050445557e-01
1.604989767074584961e-01
1.635370105504989624e-01
1.523450911045074463e-01
2.647922635078430176e-01
3.175246417522430420e-01
1.908456683158874512e-01
1.810348629951477051e-01
1.542059779167175293e-01
6.855898350477218628e-02
1.847499608993530273e-01
5.292268991470336914e-01
2.271674871444702148e-01
2.977122962474822998e-01
7.078892588615417480e-01
6.595758795738220215e-01
3.330354690551757812e-01
1.901535987854003906e-01
1.435113996267318726e-01
1.084428802132606506e-01
1.445798575878143311e-01
1.737574040889739990e-01
1.515646576881408691e-01
1.133388057351112366e-01
3.539616167545318604e-01
8.185049146413803101e-02
4.253165125846862793e-01
2.463668286800384521e-01
1.275511085987091064e-01
3.004495501518249512e-01
4.225439131259918213e-01
2.278240025043487549e-01
1.302857995033264160e-01
8.159888535737991333e-02
1.257023811340332031e-01
2.110167145729064941e-01
1.874593347311019897e-01
1.812649220228195190e-01
1.592681407928466797e-01
1.632981598377227783e-01
2.305083870887756348e-01
2.522546052932739258e-01
2.195853739976882935e-01
1.861085295677185059e-01
2.115590870380401611e-01
2.011832147836685181e-01
3.749793469905853271e-01
1.734524816274642944e-01
3.888086974620819092e-01
2.012337148189544678e-01
2.249887287616729736e-01
2.070910036563873291e-01
3.776800334453582764e-01
1.448604464530944824e-01
2.787837982177734375e-01
1.695559918880462646e-01
1.478656828403472900e-01
8.065069466829299927e-02
1.417022645473480225e-01
6.140706688165664673e-02
2.248352468013763428e-01
1.084753647446632385e-01
8.479718118906021118e-02
7.926154881715774536e-02
2.963140010833740234e-01
1.745471656322479248e-01
3.955900073051452637e-01
2.922320663928985596e-01
1.728830039501190186e-01
3.235385715961456299e-01
2.187645584344863892e-01
2.388196885585784912e-01
2.160949110984802246e-01
3.555803596973419189e-01
2.100889682769775391e-01
1.885939240455627441e-01
1.564840525388717651e-01
2.292314171791076660e-01
2.272500991821289062e-01
2.030083835124969482e-01
1.595161855220794678e-01
8.498860150575637817e-02
9.426007866859436035e-01
9.563224911689758301e-01
9.235532879829406738e-01
9.118370413780212402e-01
8.879869580268859863e-01
8.732692599296569824e-01
8.833748102188110352e-01
8.997017145156860352e-01
9.043362736701965332e-01
9.189234375953674316e-01
9.439691901206970215e-01
9.117637872695922852e-01
9.424324631690979004e-01
9.132148623466491699e-01
6.153571605682373047e-01
2.140010893344879150e-01
1.688585877418518066e-01
2.845274507999420166e-01
2.123670130968093872e-01
1.640668660402297974e-01
1.430273950099945068e-01
1.621949374675750732e-01
1.877556741237640381e-01
1.953266561031341553e-01
2.365935146808624268e-01
1.148310825228691101e-01
1.026888564229011536e-01
1.815600544214248657e-01
7.746618241071701050e-02
1.146048083901405334e-01
1.671464890241622925e-01
1.364525258541107178e-01
1.723617613315582275e-01
1.913796365261077881e-01
1.380317211151123047e-01
1.461553126573562622e-01
1.604979187250137329e-01
6.177545338869094849e-02
1.628254801034927368e-01
1.050925776362419128e-01
1.565934121608734131e-01
1.849086582660675049e-01
1.703718602657318115e-01
1.583866178989410400e-01
1.546859592199325562e-01
1.140104904770851135e-01
1.729468703269958496e-01
1.459451317787170410e-01
1.590960919857025146e-01
1.211671009659767151e-01
1.621860265731811523e-01
1.424233019351959229e-01
1.316458284854888916e-01
1.140582486987113953e-01
1.602441072463989258e-01
1.972447037696838379e-01
1.592611223459243774e-01
1.632209420204162598e-01
1.973056197166442871e-01
1.709334254264831543e-01
1.256809532642364502e-01
1.855209767818450928e-01
1.181605830788612366e-01
1.270957142114639282e-01
1.587645858526229858e-01
1.902253180742263794e-01
2.056765854358673096e-01
2.681312859058380127e-01
1.147519573569297791e-01
1.283737123012542725e-01
1.492309570312500000e-01
1.157025918364524841e-01
9.458019584417343140e-02
1.596717834472656250e-01
4.302041530609130859e-01
3.297356069087982178e-01
1.711217314004898071e-01
3.961654305458068848e-01
6.346458792686462402e-01
2.385279536247253418e-01
9.584214538335800171e-02
4.522097706794738770e-01
1.368087232112884521e-01
1.593756228685379028e-01
1.111658886075019836e-01
1.725677847862243652e-01
1.677989959716796875e-01
1.926908791065216064e-01
1.778054535388946533e-01
1.795482486486434937e-01
1.721683740615844727e-01
1.570200920104980469e-01
2.324533760547637939e-01
1.846912056207656860e-01
2.789139449596405029e-01
4.015369713306427002e-01
4.475721418857574463e-01
3.442631065845489502e-01
2.827396094799041748e-01
2.039314359426498413e-01
1.807752400636672974e-01
2.002650797367095947e-01
1.685601770877838135e-01
1.894325911998748779e-01
2.940251231193542480e-01
1.984226554632186890e-01
2.136338055133819580e-01
2.686249315738677979e-01
2.501247525215148926e-01
3.481760323047637939e-01
2.388386726379394531e-01
2.583469748497009277e-01
5.400206446647644043e-01
4.503665268421173096e-01
4.766082465648651123e-01
5.762128233909606934e-01
5.254034399986267090e-01
5.042196512222290039e-01
4.011842012405395508e-01
4.459952414035797119e-01
4.353120625019073486e-01
3.727670609951019287e-01
3.744421303272247314e-01
3.852480053901672363e-01
4.207318425178527832e-01
4.790320694446563721e-01
4.334526956081390381e-01
4.975568950176239014e-01
3.677548468112945557e-01
3.458189070224761963e-01
3.695245385169982910e-01
4.043892323970794678e-01
3.661721944808959961e-01
3.715688884258270264e-01
3.768587410449981689e-01
3.959579467773437500e-01
3.888895809650421143e-01
4.189493358135223389e-01
4.064015746116638184e-01
4.066431820392608643e-01
3.883199095726013184e-01
3.958272635936737061e-01
4.061037003993988037e-01
3.894067108631134033e-01
4.440092742443084717e-01
3.960171639919281006e-01
3.655014038085937500e-01
3.692637383937835693e-01
4.236435592174530029e-01
3.794923722743988037e-01
4.255938827991485596e-01
3.235568106174468994e-01
3.340142369270324707e-01
3.675553202629089355e-01
3.585458099842071533e-01
3.563984930515289307e-01
3.844353556632995605e-01
3.531767129898071289e-01
3.688630759716033936e-01
3.497059345245361328e-01
3.616735637187957764e-01
3.763399124145507812e-01
3.297148644924163818e-01
3.896461427211761475e-01
3.240389525890350342e-01
3.533857762813568115e-01
3.857892453670501709e-01
3.714289665222167969e-01
3.584630489349365234e-01
3.870930373668670654e-01
3.287923038005828857e-01
3.600060045719146729e-01
3.512638509273529053e-01
3.823292851448059082e-01
3.794474303722381592e-01
3.827269673347473145e-01
3.788125813007354736e-01
3.883679509162902832e-01
3.472925722599029541e-01
3.715826869010925293e-01
3.505188822746276855e-01
3.697246313095092773e-01
3.796279430389404297e-01
3.834732472896575928e-01
3.855687081813812256e-01
3.290570676326751709e-01
4.020763933658599854e-01
3.691634237766265869e-01
3.605259954929351807e-01
3.554821610450744629e-01
5.123441219329833984e-01
5.168537497520446777e-01
3.954868018627166748e-01
4.505357742309570312e-01
4.559319913387298584e-01
4.198304414749145508e-01
4.656415581703186035e-01
4.869991838932037354e-01
4.856018722057342529e-01
4.528466761112213135e-01
6.231457591056823730e-01
4.814138114452362061e-01
5.052962303161621094e-01
6.041937470436096191e-01
5.859012007713317871e-01
5.614699721336364746e-01
5.358803868293762207e-01
5.364328026771545410e-01
5.420884490013122559e-01
5.666350722312927246e-01
6.508219242095947266e-01
6.637769341468811035e-01
4.871822297573089600e-01
5.992885231971740723e-01
6.307978630065917969e-01
5.915918946266174316e-01
5.262186527252197266e-01
6.243152022361755371e-01
4.770025312900543213e-01
5.289638638496398926e-01
5.362017750740051270e-01
4.402113258838653564e-01
5.975553393363952637e-01
5.320574641227722168e-01
7.425051331520080566e-01
7.729905247688293457e-01
7.608013749122619629e-01
6.699432134628295898e-01
8.120413422584533691e-01
8.840884566307067871e-01
8.591582179069519043e-01
8.327670693397521973e-01
8.198758363723754883e-01
8.591422438621520996e-01
7.835815548896789551e-01
8.731426596641540527e-01
8.585327267646789551e-01
8.699102997779846191e-01
8.799158930778503418e-01
8.844843506813049316e-01
8.304697275161743164e-01
7.901281714439392090e-01
7.824558615684509277e-01
8.164018988609313965e-01
8.677048087120056152e-01
8.293231129646301270e-01
8.117263913154602051e-01
7.453622817993164062e-01
8.247854113578796387e-01
7.853229641914367676e-01
7.896946072578430176e-01
8.562734723091125488e-01
8.472391366958618164e-01
8.248546123504638672e-01
8.462060093879699707e-01
7.716324329376220703e-01
8.436533808708190918e-01
8.747951388359069824e-01
8.470989465713500977e-01
8.470150828361511230e-01
8.316928744316101074e-01
7.680266499519348145e-01
8.533437848091125488e-01
7.471427321434020996e-01
8.267521262168884277e-01
6.412557363510131836e-01
8.376684784889221191e-01
8.780761361122131348e-01
8.912021517753601074e-01
8.049117922782897949e-01
8.369994759559631348e-01
7.998608946800231934e-01
8.026818633079528809e-01
8.124576210975646973e-01
7.912755608558654785e-01
8.196871280670166016e-01
8.333073854446411133e-01
7.985550761222839355e-01
8.075394034385681152e-01
7.346561551094055176e-01
6.657454967498779297e-01
6.968212723731994629e-01
7.676921486854553223e-01
7.746492028236389160e-01
7.810386419296264648e-01
7.758348584175109863e-01
6.986654400825500488e-01
7.451373934745788574e-01
8.257131576538085938e-01
8.423836827278137207e-01
8.095540404319763184e-01
7.307596802711486816e-01
8.193899989128112793e-01
7.979786992073059082e-01
8.385220170021057129e-01
8.569060564041137695e-01
8.092792034149169922e-01
6.134464740753173828e-01
8.103567957878112793e-01
8.743265271186828613e-01
8.675354123115539551e-01
8.034875988960266113e-01
8.162259459495544434e-01
9.104478955268859863e-01
8.786717653274536133e-01
9.677192568778991699e-01
9.731931090354919434e-01
9.426633715629577637e-01
9.549564123153686523e-01
9.125837683677673340e-01
9.474967122077941895e-01
9.620595574378967285e-01
9.803552031517028809e-01
9.800869822502136230e-01
9.524863362312316895e-01
9.696094393730163574e-01
9.756981730461120605e-01
9.534664750099182129e-01
9.604130387306213379e-01
9.867426753044128418e-01
9.711869955062866211e-01
9.410692453384399414e-01
9.765140414237976074e-01
9.577705264091491699e-01
9.661632180213928223e-01
9.727579951286315918e-01
9.370040297508239746e-01
9.166105389595031738e-01
9.359516501426696777e-01
9.643558263778686523e-01
9.131770730018615723e-01
9.121733307838439941e-01
9.408591389656066895e-01
9.602006673812866211e-01
9.600056409835815430e-01
9.160585999488830566e-01
9.299154877662658691e-01
9.431100487709045410e-01
9.780876040458679199e-01
9.687086939811706543e-01
9.766513705253601074e-01
9.884129166603088379e-01
9.720953106880187988e-01
9.342270493507385254e-01
9.234930872917175293e-01
9.054296016693115234e-01
9.151324033737182617e-01
8.928919434547424316e-01
8.964219093322753906e-01
8.738121390342712402e-01
8.698852658271789551e-01
8.673028349876403809e-01
8.381971120834350586e-01
9.127221703529357910e-01
9.095444083213806152e-01
9.306774735450744629e-01
8.875452876091003418e-01
9.287306666374206543e-01
8.857585787773132324e-01
9.202772974967956543e-01
8.958141803741455078e-01
9.354335665702819824e-01
9.364828467369079590e-01
8.648092150688171387e-01
9.014099240303039551e-01
9.249690175056457520e-01
9.391183257102966309e-01
8.840095400810241699e-01
9.223266839981079102e-01
9.226666092872619629e-01
9.309201836585998535e-01
9.470621943473815918e-01
9.530985951423645020e-01
9.880138039588928223e-01
9.644370675086975098e-01
9.824044108390808105e-01
9.864358305931091309e-01
9.616499543190002441e-01
9.748522639274597168e-01
9.449781775474548340e-01
9.450400471687316895e-01
9.063583016395568848e-01
9.495503306388854980e-01
9.557148218154907227e-01
9.698646664619445801e-01
9.290718436241149902e-01
9.527961611747741699e-01
9.518411755561828613e-01
9.698508381843566895e-01
9.647482633590698242e-01
8.779888749122619629e-01
8.908482193946838379e-01
7.218177914619445801e-01
7.852104902267456055e-01
7.191690802574157715e-01
8.849345445632934570e-01
9.108930826187133789e-01
8.689321279525756836e-01
8.968141674995422363e-01
8.821364641189575195e-01
8.202296495437622070e-01
8.498730063438415527e-01
8.558538556098937988e-01
8.973129391670227051e-01
8.960847258567810059e-01
8.101128339767456055e-01
8.537945151329040527e-01
9.132064580917358398e-01
9.324822425842285156e-01
9.004047513008117676e-01
8.635578155517578125e-01
9.167941212654113770e-01
8.534430861473083496e-01
8.863336443901062012e-01
7.253935933113098145e-01
8.070558309555053711e-01
8.818405270576477051e-01
8.955713510513305664e-01
8.614646792411804199e-01
6.316009163856506348e-01
6.416012644767761230e-01
8.110764622688293457e-01
8.486272692680358887e-01
7.218108773231506348e-01
8.402282595634460449e-01
7.906058430671691895e-01
8.984398245811462402e-01
7.896599769592285156e-01
7.748463749885559082e-01
8.302751183509826660e-01
7.918515801429748535e-01
5.829843878746032715e-01
4.380194842815399170e-01
6.402972340583801270e-01
4.969600737094879150e-01
2.417390048503875732e-01
1.214929446578025818e-01
1.613943278789520264e-01
1.625751554965972900e-01
1.141676530241966248e-01
1.155480965971946716e-01
1.620654761791229248e-01
2.020220309495925903e-01
1.091902628540992737e-01
1.683844178915023804e-01
1.503253430128097534e-01
2.769113481044769287e-01
9.850164502859115601e-02
3.060673475265502930e-01
8.535182476043701172e-02
1.807476878166198730e-01
1.097296699881553650e-01
1.217600926756858826e-01
1.634562015533447266e-01
1.569377779960632324e-01
1.636337339878082275e-01
1.730376183986663818e-01
1.674981117248535156e-01
1.991204470396041870e-01
2.947973608970642090e-01
3.052045404911041260e-01
2.775692045688629150e-01
3.751031160354614258e-01
7.172016501426696777e-01
4.803948104381561279e-01
4.379612505435943604e-01
3.890806138515472412e-01
4.708828628063201904e-01
5.109827518463134766e-01
4.352293312549591064e-01
5.658133029937744141e-01
4.482249915599822998e-01
5.831327438354492188e-01
6.700908541679382324e-01
3.813232183456420898e-01
3.990516364574432373e-01
3.775677084922790527e-01
2.435463070869445801e-01
3.148308098316192627e-01
3.237926065921783447e-01
3.615052402019500732e-01
2.686020433902740479e-01
9.185936301946640015e-02
1.281581223011016846e-01
2.603506147861480713e-01
1.067753955721855164e-01
3.712580502033233643e-01
1.919261366128921509e-01
5.583790689706802368e-02
2.902839519083499908e-02
3.133362233638763428e-01
3.594618439674377441e-01
2.679194808006286621e-01
2.943771183490753174e-01
9.288587421178817749e-02
1.000282987952232361e-01
1.892545968294143677e-01
4.240955412387847900e-02
6.678608059883117676e-02
6.943173706531524658e-02
9.478875398635864258e-01
9.541293978691101074e-01
9.393948316574096680e-01
9.170321226119995117e-01
8.908892273902893066e-01
8.965066075325012207e-01
9.326674342155456543e-01
8.125526309013366699e-01
9.007650017738342285e-01
9.243161082267761230e-01
8.964162468910217285e-01
8.979551792144775391e-01
9.011210203170776367e-01
8.785759210586547852e-01
9.089553952217102051e-01
8.553709387779235840e-01
8.882567286491394043e-01
8.526046872138977051e-01
8.134163022041320801e-01
8.311651349067687988e-01
6.411163806915283203e-01
7.449685335159301758e-01
7.892216444015502930e-01
7.658057212829589844e-01
8.479384183883666992e-01
8.559308648109436035e-01
7.037631869316101074e-01
8.710651993751525879e-01
8.470393419265747070e-01
8.327887058258056641e-01
7.888140082359313965e-01
6.347033381462097168e-01
6.223195195198059082e-01
5.463050603866577148e-01
5.870605707168579102e-01
6.485787034034729004e-01
6.361165642738342285e-01
5.358083844184875488e-01
6.871194243431091309e-01
6.735840439796447754e-01
2.006538957357406616e-01
1.473822891712188721e-01
1.220570281147956848e-01
1.194696947932243347e-01
6.417950242757797241e-02
1.394303590059280396e-01
1.498551368713378906e-01
1.789034307003021240e-01
1.686820536851882935e-01
1.545266807079315186e-01
1.231998726725578308e-01
1.434298008680343628e-01
7.989531010389328003e-02
4.744037240743637085e-02
1.326225847005844116e-01
1.558626294136047363e-01
1.723326444625854492e-01
1.142712309956550598e-01
4.209942817687988281e-01
3.468244969844818115e-01
5.399313569068908691e-01
2.226969897747039795e-01
1.444535553455352783e-01
1.949778795242309570e-01
1.713355481624603271e-01
2.662818729877471924e-01
2.779258191585540771e-01
2.121757864952087402e-01
3.044098019599914551e-01
2.576802670955657959e-01
2.018409073352813721e-01
1.270059943199157715e-01
1.576701700687408447e-01
1.819283366203308105e-01
1.050011143088340759e-01
1.278508901596069336e-01
1.112558469176292419e-01
1.047371104359626770e-01
8.714290708303451538e-02
1.016991361975669861e-01
4.799293726682662964e-02
1.266616284847259521e-01
1.079921945929527283e-01
1.246381178498268127e-01
2.176001667976379395e-01
1.789166629314422607e-01
7.041637599468231201e-02
1.025338247418403625e-01
8.231669664382934570e-02
1.303979158401489258e-01
9.717248380184173584e-02
7.224228233098983765e-02
8.613588660955429077e-02
1.337270736694335938e-01
1.368249207735061646e-01
1.202508434653282166e-01
1.115976795554161072e-01
1.532732844352722168e-01
1.251095831394195557e-01
1.144943460822105408e-01
2.120146155357360840e-01
2.290273010730743408e-01
2.184236347675323486e-01
1.558191925287246704e-01
1.723627448081970215e-01
2.022821307182312012e-01
1.273015737533569336e-01
1.399804949760437012e-01
1.322580277919769287e-01
1.306126117706298828e-01
1.831176578998565674e-01
1.830637603998184204e-01
4.102592170238494873e-01
2.634262442588806152e-01
4.532004594802856445e-01
4.274365007877349854e-01
4.098089635372161865e-01
4.292769730091094971e-01
3.958799242973327637e-01
2.777547240257263184e-01
2.918097078800201416e-01
1.729786396026611328e-01
1.562695205211639404e-01
1.386293470859527588e-01
1.939110755920410156e-01
1.993946135044097900e-01
4.128741919994354248e-01
2.254274189472198486e-01
1.550086587667465210e-01
1.878123879432678223e-01
1.490225493907928467e-01
8.673321455717086792e-02
6.011309474706649780e-02
1.167590245604515076e-01
3.702605515718460083e-02
8.830870687961578369e-02
9.672365337610244751e-02
1.985427886247634888e-01
1.116591319441795349e-01
8.182854205369949341e-02
2.758523821830749512e-01
1.509820371866226196e-01
1.603444963693618774e-01
2.606032192707061768e-01
1.368010193109512329e-01
2.105356156826019287e-01
1.569123417139053345e-01
2.629980146884918213e-01
1.485937535762786865e-01
1.424935907125473022e-01
1.629489362239837646e-01
2.120739221572875977e-01
2.008974552154541016e-01
1.769203543663024902e-01
1.965113878250122070e-01
2.052560746669769287e-01
2.344755232334136963e-01
2.484806478023529053e-01
1.988372057676315308e-01
2.764956355094909668e-01
3.696966171264648438e-01
3.444899320602416992e-01
3.181586563587188721e-01
3.599353730678558350e-01
4.456723630428314209e-01
3.753893077373504639e-01
4.413885772228240967e-01
4.763262569904327393e-01
6.320437788963317871e-01
5.547538399696350098e-01
7.107363343238830566e-01
7.061535716056823730e-01
6.793299317359924316e-01
6.888228058815002441e-01
7.155782580375671387e-01
6.655371785163879395e-01
6.706853508949279785e-01
6.055943369865417480e-01
5.970565676689147949e-01
6.472992300987243652e-01
6.847547888755798340e-01
6.383058428764343262e-01
6.027456521987915039e-01
6.387909650802612305e-01
6.716198921203613281e-01
6.415684819221496582e-01
6.341716647148132324e-01
6.808237433433532715e-01
6.980108618736267090e-01
6.728761792182922363e-01
5.859387516975402832e-01
7.134320735931396484e-01
8.016170263290405273e-01
7.397210001945495605e-01
7.573361992835998535e-01
7.641723752021789551e-01
7.698886990547180176e-01
7.787350416183471680e-01
7.731187939643859863e-01
7.543134093284606934e-01
7.531796097755432129e-01
7.822551131248474121e-01
7.478458285331726074e-01
7.551056742668151855e-01
6.913142204284667969e-01
7.568175792694091797e-01
6.919673085212707520e-01
6.808034777641296387e-01
6.525801420211791992e-01
6.913365721702575684e-01
6.814026832580566406e-01
6.549683213233947754e-01
6.945304870605468750e-01
7.014939188957214355e-01
6.595547795295715332e-01
6.341171860694885254e-01
5.312050580978393555e-01
6.225742101669311523e-01
5.894678831100463867e-01
6.195634603500366211e-01
5.607876777648925781e-01
4.936048686504364014e-01
5.377457141876220703e-01
7.025210857391357422e-01
5.960447788238525391e-01
6.700074076652526855e-01
6.185871958732604980e-01
4.678513705730438232e-01
3.592619597911834717e-01
4.398418962955474854e-01
3.691423237323760986e-01
3.230497539043426514e-01
3.711878955364227295e-01
4.190162718296051025e-01
2.875780761241912842e-01
3.607999384403228760e-01
2.880853116512298584e-01
2.653577625751495361e-01
2.672787606716156006e-01
2.496118247509002686e-01
2.514470219612121582e-01
2.097210884094238281e-01
1.945681273937225342e-01
3.186179697513580322e-01
1.720782816410064697e-01
1.625628769397735596e-01
1.980975866317749023e-01
1.103507801890373230e-01
1.608493924140930176e-01
2.582162320613861084e-01
2.685433626174926758e-01
2.884873747825622559e-01
5.392847657203674316e-01
2.334496974945068359e-01
2.814696729183197021e-01
1.707072556018829346e-01
1.574653238058090210e-01
1.833010464906692505e-01
1.162036880850791931e-01
2.452324330806732178e-01
2.047808915376663208e-01
1.467905193567276001e-01
2.471384108066558838e-01
2.667430043220520020e-01
3.229967653751373291e-01
3.699647784233093262e-01
4.611512124538421631e-01
4.006855785846710205e-01
4.039011299610137939e-01
2.355491816997528076e-01
2.802579104900360107e-01
3.591449558734893799e-01
4.161174595355987549e-01
4.051677584648132324e-01
3.949997127056121826e-01
4.415764510631561279e-01
4.325410723686218262e-01
3.161181509494781494e-01
3.244843780994415283e-01
3.327380716800689697e-01
3.766890466213226318e-01
5.260782837867736816e-01
4.220646023750305176e-01
2.571040689945220947e-01
6.274971365928649902e-01
3.989828824996948242e-01
6.032575964927673340e-01
4.624396264553070068e-01
5.123172998428344727e-01
3.826745450496673584e-01
2.722896039485931396e-01
1.630539894104003906e-01
1.512352228164672852e-01
1.194229349493980408e-01
1.170671954751014709e-01
1.194701865315437317e-01
3.516445159912109375e-01
2.409312725067138672e-01
1.948721408843994141e-01
1.340569257736206055e-01
2.169606089591979980e-01
3.278667628765106201e-01
3.123558163642883301e-01
2.577065527439117432e-01
1.814088523387908936e-01
3.297812044620513916e-01
2.627907097339630127e-01
2.465246915817260742e-01
2.217487394809722900e-01
1.926160454750061035e-01
4.964028298854827881e-01
2.351444661617279053e-01
2.382591366767883301e-01
1.693318188190460205e-01
1.638490259647369385e-01
4.190146923065185547e-01
3.136002123355865479e-01
1.801986396312713623e-01
1.726715862751007080e-01
1.271032392978668213e-01
1.717752367258071899e-01
1.513703465461730957e-01
1.121469661593437195e-01
1.487293392419815063e-01
6.760075688362121582e-02
3.698595166206359863e-01
2.542228102684020996e-01
2.111535072326660156e-01
2.004476040601730347e-01
1.221730187535285950e-01
2.324753403663635254e-01
3.437608182430267334e-01
3.217076957225799561e-01
2.226798236370086670e-01
2.434720098972320557e-01
5.400016307830810547e-01
3.019099235534667969e-01
4.251501262187957764e-01
4.191420972347259521e-01
6.881230473518371582e-01
7.479612231254577637e-01
8.316569924354553223e-01
6.751102805137634277e-01
8.238903880119323730e-01
8.332608342170715332e-01
8.148990273475646973e-01
8.281274437904357910e-01
8.522415757179260254e-01
8.372164368629455566e-01
8.409470319747924805e-01
8.188890814781188965e-01
8.264663219451904297e-01
8.426402211189270020e-01
8.511263132095336914e-01
8.732494711875915527e-01
8.163174986839294434e-01
8.060093522071838379e-01
8.564297556877136230e-01
8.330067396163940430e-01
8.217129111289978027e-01
8.530326485633850098e-01
8.417832851409912109e-01
8.529086709022521973e-01
8.727455735206604004e-01
8.552637100219726562e-01
8.273643255233764648e-01
8.663012981414794922e-01
8.823814988136291504e-01
8.654090762138366699e-01
7.969248890876770020e-01
7.942239046096801758e-01
7.905812859535217285e-01
8.472722172737121582e-01
8.223895430564880371e-01
8.662508130073547363e-01
7.727278470993041992e-01
8.243594765663146973e-01
6.245612502098083496e-01
7.152532935142517090e-01
7.969760298728942871e-01
3.259194195270538330e-01
3.125728070735931396e-01
3.039030134677886963e-01
2.433798611164093018e-01
3.573530614376068115e-01
5.214952826499938965e-01
4.539339244365692139e-01
3.228096961975097656e-01
1.844490468502044678e-01
1.029054448008537292e-01
1.240634396672248840e-01
1.549620628356933594e-01
1.944956779479980469e-01
1.565764248371124268e-01
2.365744113922119141e-01
1.605932712554931641e-01
1.714322268962860107e-01
2.112261801958084106e-01
1.691704392433166504e-01
1.831660270690917969e-01
2.091710120439529419e-01
1.881267130374908447e-01
3.171471059322357178e-01
2.016251534223556519e-01
1.885164380073547363e-01
1.643491685390472412e-01
1.680187433958053589e-01
1.948845833539962769e-01
1.340836435556411743e-01
1.588737517595291138e-01
2.280897498130798340e-01
2.295160591602325439e-01
3.058418929576873779e-01
2.283065915107727051e-01
2.063952237367630005e-01
1.011289879679679871e-01
2.169456183910369873e-01
3.470862805843353271e-01
2.415803968906402588e-01
1.141351088881492615e-01
1.526241749525070190e-01
7.482852041721343994e-02
6.297902017831802368e-02
1.344677060842514038e-01
1.954655051231384277e-01
6.777064502239227295e-02
3.107925057411193848e-01
2.599535286426544189e-01
2.657435536384582520e-01
2.586678564548492432e-01
3.373858034610748291e-01
2.658950388431549072e-01
3.199620544910430908e-01
2.853383123874664307e-01
2.223892807960510254e-01
2.360284030437469482e-01
4.144982993602752686e-01
3.749471008777618408e-01
2.521455585956573486e-01
1.681673377752304077e-01
1.291570067405700684e-01
2.247943282127380371e-01
2.936208248138427734e-01
2.357201874256134033e-01
2.673764526844024658e-01
2.251082360744476318e-01
2.513846158981323242e-01
2.159219980239868164e-01
2.223427295684814453e-01
1.907041668891906738e-01
2.271834909915924072e-01
3.885607421398162842e-01
1.830355823040008545e-01
2.141653746366500854e-01
2.271848022937774658e-01
2.193708419799804688e-01
3.945815861225128174e-01
3.741767406463623047e-01
3.638834953308105469e-01
2.851999998092651367e-01
2.189679443836212158e-01
2.262572944164276123e-01
2.386698424816131592e-01
2.020765691995620728e-01
1.769485324621200562e-01
2.732276022434234619e-01
3.187608122825622559e-01
1.900329142808914185e-01
4.606902897357940674e-01
4.327079951763153076e-01
2.454057037830352783e-01
5.555297732353210449e-01
3.287030160427093506e-01
4.329941570758819580e-01
7.717984318733215332e-01
6.077372431755065918e-01
8.463551402091979980e-01
7.996124625205993652e-01
8.182758688926696777e-01
8.507463335990905762e-01
8.325415849685668945e-01
8.762899041175842285e-01
6.142333745956420898e-01
7.222968935966491699e-01
7.761384248733520508e-01
7.770023941993713379e-01
7.979182600975036621e-01
5.238562226295471191e-01
6.810017228126525879e-01
7.032961249351501465e-01
6.316877007484436035e-01
6.176967024803161621e-01
7.140524983406066895e-01
7.024726271629333496e-01
6.751385331153869629e-01
6.647582650184631348e-01
5.181315541267395020e-01
6.131798624992370605e-01
7.011852264404296875e-01
7.307339310646057129e-01
9.371554851531982422e-01
9.351989626884460449e-01
9.316849112510681152e-01
9.080083966255187988e-01
8.823934793472290039e-01
9.444246292114257812e-01
9.348810911178588867e-01
9.425440430641174316e-01
9.550617933273315430e-01
9.029619097709655762e-01
9.624634385108947754e-01
9.244492650032043457e-01
8.933080434799194336e-01
9.394115805625915527e-01
9.468616843223571777e-01
9.242733716964721680e-01
9.169870018959045410e-01
9.654898047447204590e-01
9.333068728446960449e-01
9.307579398155212402e-01
9.602755904197692871e-01
9.610558152198791504e-01
9.240843057632446289e-01
8.995023369789123535e-01
9.344413876533508301e-01
9.283128380775451660e-01
9.636812806129455566e-01
9.300630688667297363e-01
9.276233315467834473e-01
9.246559739112854004e-01
9.352850317955017090e-01
9.356729984283447266e-01
8.916158676147460938e-01
9.494863152503967285e-01
9.241254925727844238e-01
9.305921196937561035e-01
9.190728068351745605e-01
9.414166808128356934e-01
9.360740780830383301e-01
9.255383610725402832e-01
9.205833077430725098e-01
9.129000306129455566e-01
9.328107237815856934e-01
9.266669750213623047e-01
9.305558800697326660e-01
8.606236577033996582e-01
9.053909182548522949e-01
9.176189899444580078e-01
8.294393420219421387e-01
9.273573160171508789e-01
8.632472753524780273e-01
8.970597386360168457e-01
8.398948311805725098e-01
7.984549999237060547e-01
8.841785788536071777e-01
4.722351133823394775e-01
3.069069981575012207e-01
3.168752491474151611e-01
4.765803515911102295e-01
4.323239028453826904e-01
1.984649002552032471e-01
1.977786421775817871e-01
1.374317705631256104e-01
9.923084825277328491e-02
1.723619103431701660e-01
1.621145009994506836e-01
1.610242724418640137e-01
1.424708664417266846e-01
1.870795190334320068e-01
6.239832192659378052e-02
1.646085381507873535e-01
1.615089178085327148e-01
1.734632104635238647e-01
1.006179973483085632e-01
1.684461832046508789e-01
2.287376224994659424e-01
1.804023683071136475e-01
1.631387174129486084e-01
1.167757734656333923e-01
1.518110334873199463e-01
3.349510729312896729e-01
5.142175555229187012e-01
1.350625008344650269e-01
2.599613666534423828e-01
4.062657058238983154e-01
1.857746094465255737e-01
4.610089957714080811e-01
3.310763239860534668e-01
1.750114560127258301e-01
2.247130572795867920e-01
1.351387202739715576e-01
2.832184731960296631e-01
2.597125470638275146e-01
1.572302132844924927e-01
3.466144204139709473e-02
1.308110505342483521e-01
1.801525950431823730e-01
3.908482193946838379e-01
2.840880751609802246e-01
1.374651491641998291e-01
1.568443924188613892e-01
1.955800205469131470e-01
2.881181538105010986e-01
1.979604214429855347e-01
6.030574440956115723e-02
1.325300186872482300e-01
2.609257400035858154e-01
2.783064544200897217e-01
1.454469412565231323e-01
9.378219395875930786e-02
1.246774420142173767e-01
9.525931626558303833e-02
1.770100295543670654e-01
1.256808787584304810e-01
1.156665310263633728e-01
8.666386455297470093e-02
2.502698600292205811e-01
7.219427078962326050e-02
9.027625620365142822e-02
8.720695227384567261e-02
1.031577214598655701e-01
1.272224932909011841e-01
1.636448204517364502e-01
1.283587664365768433e-01
8.985198289155960083e-02
5.475968122482299805e-02
1.494222581386566162e-01
1.588983982801437378e-01
1.475456058979034424e-01
1.328822076320648193e-01
1.048902794718742371e-01
1.124653741717338562e-01
1.083645448088645935e-01
1.394499540328979492e-01
1.675234884023666382e-01
2.387576997280120850e-01
1.165038272738456726e-01
2.132424265146255493e-01
1.393482536077499390e-01
1.877417862415313721e-01
3.198787868022918701e-01
4.010690152645111084e-01
4.163772761821746826e-01
3.375659883022308350e-02
8.015697449445724487e-02
8.470470458269119263e-02
1.996683776378631592e-01
5.559538006782531738e-01
6.421663165092468262e-01
2.961529791355133057e-01
4.613343775272369385e-01
2.625785171985626221e-01
3.123125135898590088e-01
2.272267639636993408e-01
3.705729842185974121e-01
3.617828190326690674e-01
3.524129986763000488e-01
4.923388659954071045e-01
5.326107144355773926e-01
4.743894636631011963e-01
4.597144424915313721e-01
1.593813151121139526e-01
2.083007097244262695e-01
1.794027239084243774e-01
2.916251420974731445e-01
2.020724713802337646e-01
2.006316334009170532e-01
2.662345468997955322e-01
3.198138773441314697e-01
3.743323385715484619e-01
2.809979021549224854e-01
2.928893864154815674e-01
1.119422242045402527e-01
9.894905239343643188e-02
8.354864269495010376e-02
1.553959548473358154e-01
1.603860855102539062e-01
1.805958300828933716e-01
2.184956073760986328e-01
1.995348781347274780e-01
2.126973420381546021e-01
2.569217383861541748e-01
1.490661203861236572e-01
1.068587228655815125e-01
1.456937193870544434e-01
1.291959285736083984e-01
1.782406717538833618e-01
1.419079601764678955e-01
1.669902354478836060e-01
2.134654521942138672e-01
1.691306382417678833e-01
1.336518824100494385e-01
1.529127210378646851e-01
2.171551883220672607e-01
1.163873001933097839e-01
1.257199943065643311e-01
1.714753359556198120e-01
1.942930370569229126e-01
1.543640792369842529e-01
4.759284108877182007e-02
4.593261331319808960e-02
3.074196912348270416e-02
4.700383543968200684e-02
7.319807261228561401e-02
1.990140080451965332e-01
3.389970958232879639e-01
3.033341467380523682e-01
2.460187971591949463e-01
1.314766705036163330e-01
1.106830760836601257e-01
2.171958833932876587e-01
2.425511777400970459e-01
1.794135570526123047e-01
5.448655039072036743e-02
1.210022643208503723e-01
2.073949128389358521e-01
1.359657645225524902e-01
1.265960633754730225e-01
1.668392121791839600e-01
1.419707834720611572e-01
1.656112670898437500e-01
1.078480705618858337e-01
9.721437841653823853e-02
4.955596476793289185e-02
1.897551268339157104e-01
8.772663027048110962e-02
1.737287342548370361e-01
1.701100170612335205e-01
2.166641950607299805e-01
1.322754174470901489e-01
1.301036477088928223e-01
1.253775358200073242e-01
2.043163776397705078e-01
1.292243748903274536e-01
1.427307873964309692e-01
1.731126606464385986e-01
4.004203081130981445e-01
3.327247500419616699e-01
2.129175215959548950e-01
3.055208921432495117e-01
1.665854007005691528e-01
3.346370160579681396e-01
1.571773588657379150e-01
1.709437668323516846e-01
1.920388489961624146e-01
1.765883266925811768e-01
1.919004172086715698e-01
2.172625958919525146e-01
2.007498443126678467e-01
1.925635635852813721e-01
1.703397780656814575e-01
2.257049381732940674e-01
2.740883231163024902e-01
1.320283710956573486e-01
1.831052005290985107e-01
2.140268236398696899e-01
2.979443371295928955e-01
2.388231754302978516e-01
2.916831970214843750e-01
4.281364679336547852e-01
3.329581916332244873e-01
3.516812622547149658e-01
2.282474339008331299e-01
1.186969205737113953e-01
1.404766142368316650e-01
1.010886952280998230e-01
1.175865605473518372e-01
5.701947957277297974e-02
8.952949196100234985e-02
9.143470227718353271e-02
2.056878209114074707e-01
1.313796341419219971e-01
1.167355552315711975e-01
1.945378780364990234e-01
7.568539679050445557e-02
1.217530891299247742e-01
1.455456316471099854e-01
1.900046765804290771e-01
2.095631510019302368e-01
1.255132704973220825e-01
1.644758284091949463e-01
2.786351442337036133e-01
3.212054073810577393e-01
7.666629552841186523e-01
8.764305114746093750e-01
8.309490680694580078e-01
3.439230322837829590e-01
3.058433830738067627e-01
2.884057462215423584e-01
6.960549950599670410e-01
8.311250805854797363e-01
7.481209039688110352e-01
8.351442217826843262e-01
6.783754229545593262e-01
7.525938749313354492e-01
6.971051096916198730e-01
6.547230482101440430e-01
6.996191143989562988e-01
5.664381384849548340e-01
7.176767587661743164e-01
6.690468192100524902e-01
7.486030459403991699e-01
7.830702662467956543e-01
8.267336487770080566e-01
6.482741236686706543e-01
7.498082518577575684e-01
6.714932918548583984e-01
7.730550169944763184e-01
5.976770520210266113e-01
4.066028892993927002e-01
3.704528808593750000e-01
3.557545244693756104e-01
5.374512076377868652e-01
5.235916376113891602e-01
7.550254464149475098e-01
7.177020907402038574e-01
5.336701273918151855e-01
6.136246919631958008e-01
4.961230456829071045e-01
5.218930840492248535e-01
7.693626284599304199e-01
8.180173635482788086e-01
7.953938841819763184e-01
6.542591452598571777e-01
7.053396701812744141e-01
7.082899808883666992e-01
7.647815346717834473e-01
6.939871311187744141e-01
6.929118633270263672e-01
5.505397915840148926e-01
6.294240355491638184e-01
7.292801141738891602e-01
7.028991580009460449e-01
6.776006817817687988e-01
7.879927754402160645e-01
7.472425103187561035e-01
7.595435976982116699e-01
4.812894761562347412e-01
7.070446610450744629e-01
6.350203752517700195e-01
5.743234753608703613e-01
4.003101885318756104e-01
5.851076841354370117e-01
7.881049513816833496e-01
7.811892032623291016e-01
8.069813847541809082e-01
8.329270482063293457e-01
8.210030198097229004e-01
7.950553894042968750e-01
7.871984839439392090e-01
8.278680443763732910e-01
8.804318904876708984e-01
8.272194266319274902e-01
8.972865343093872070e-01
8.944406509399414062e-01
9.202724099159240723e-01
8.213287591934204102e-01
8.173182606697082520e-01
8.377137780189514160e-01
8.121682405471801758e-01
7.913725972175598145e-01
6.509835124015808105e-01
8.142468333244323730e-01
6.526663899421691895e-01
8.588165640830993652e-01
3.991734683513641357e-01
6.756077408790588379e-01
6.048641800880432129e-01
6.476958394050598145e-01
7.170472145080566406e-01
4.878018796443939209e-01
7.861158847808837891e-01
7.875030040740966797e-01
7.612543702125549316e-01
7.154822945594787598e-01
6.643978953361511230e-01
6.848685145378112793e-01
8.500432968139648438e-01
8.616934418678283691e-01
9.561932682991027832e-01
9.062641859054565430e-01
9.221546649932861328e-01
8.174276947975158691e-01
9.541172385215759277e-01
9.020350575447082520e-01
9.015673398971557617e-01
8.801948428153991699e-01
8.234043717384338379e-01
8.107746243476867676e-01
8.289677500724792480e-01
7.519933581352233887e-01
8.042782545089721680e-01
6.889308691024780273e-01
8.237285017967224121e-01
7.927153110504150391e-01
8.038249015808105469e-01
7.841938138008117676e-01
8.106337189674377441e-01
7.903115153312683105e-01
8.009234070777893066e-01
8.164352774620056152e-01
7.696639895439147949e-01
7.657033801078796387e-01
7.468431591987609863e-01
7.290338277816772461e-01
7.860466837882995605e-01
6.324046254158020020e-01
8.079178929328918457e-01
8.833444714546203613e-01
8.593590855598449707e-01
8.227897286415100098e-01
8.607406020164489746e-01
8.852375745773315430e-01
8.292901515960693359e-01
7.736586332321166992e-01
7.610366940498352051e-01
8.008829951286315918e-01
8.614118099212646484e-01
7.936604619026184082e-01
7.330679297447204590e-01
6.906434297561645508e-01
6.324267983436584473e-01
7.107594013214111328e-01
5.565581321716308594e-01
7.132952809333801270e-01
7.101553678512573242e-01
7.633494734764099121e-01
7.069895267486572266e-01
7.873775362968444824e-01
7.262736558914184570e-01
7.543252110481262207e-01
8.085497021675109863e-01
7.279538512229919434e-01
6.916857361793518066e-01
7.943334579467773438e-01
7.427967190742492676e-01
8.712399005889892578e-01
7.332376837730407715e-01
7.592138051986694336e-01
6.538134217262268066e-01
6.327614188194274902e-01
7.910429835319519043e-01
7.375341057777404785e-01
7.378109097480773926e-01
5.907068252563476562e-01
7.231842875480651855e-01
6.862190365791320801e-01
6.619902849197387695e-01
7.603875994682312012e-01
7.684661746025085449e-01
7.306447625160217285e-01
4.472722709178924561e-01
4.304733276367187500e-01
6.638932824134826660e-01
8.211373686790466309e-01
7.976184487342834473e-01
8.581684231758117676e-01
8.686318993568420410e-01
8.201624751091003418e-01
8.523363471031188965e-01
8.165253996849060059e-01
8.397042155265808105e-01
8.348988294601440430e-01
8.854339718818664551e-01
8.326517939567565918e-01
4.526836872100830078e-01
3.611332476139068604e-01
4.324115812778472900e-01
3.471752107143402100e-01
4.883054196834564209e-01
4.252383410930633545e-01
2.214798629283905029e-01
3.861894905567169189e-01
1.873499453067779541e-01
3.822417855262756348e-01
1.906783580780029297e-01
1.261780858039855957e-01
1.699624508619308472e-01
1.920050382614135742e-01
2.789335548877716064e-01
8.092278987169265747e-02
2.835237979888916016e-01
2.161602079868316650e-01
2.471281588077545166e-01
7.624690979719161987e-02
1.331417560577392578e-01
1.436029970645904541e-01
2.420519292354583740e-01
5.356423258781433105e-01
2.770928144454956055e-01
8.350050449371337891e-02
2.665880918502807617e-01
2.224740386009216309e-01
1.368101537227630615e-01
1.815849095582962036e-01
9.041762351989746094e-02
2.411809265613555908e-01
1.440950036048889160e-01
1.389621496200561523e-01
1.812994182109832764e-01
9.410192370414733887e-01
9.417646527290344238e-01
9.191590547561645508e-01
9.385880827903747559e-01
8.746830224990844727e-01
9.264060854911804199e-01
9.250412583351135254e-01
9.375519156455993652e-01
9.440690875053405762e-01
9.182229638099670410e-01
8.152129054069519043e-01
9.089281558990478516e-01
9.103825688362121582e-01
9.405589699745178223e-01
9.156367778778076172e-01
8.707836270332336426e-01
8.549663424491882324e-01
8.300909399986267090e-01
8.079758882522583008e-01
8.071153759956359863e-01
8.874848484992980957e-01
9.462899565696716309e-01
9.472538232803344727e-01
9.800314307212829590e-01
9.195217490196228027e-01
9.493161439895629883e-01
9.222618937492370605e-01
9.399831891059875488e-01
9.251323342323303223e-01
8.350241780281066895e-01
9.434798359870910645e-01
9.472618103027343750e-01
9.520206451416015625e-01
9.449390172958374023e-01
9.554685354232788086e-01
9.425397515296936035e-01
9.322649836540222168e-01
9.596553444862365723e-01
9.223480820655822754e-01
9.054605364799499512e-01
9.361913800239562988e-01
9.692402482032775879e-01
9.468910098075866699e-01
9.440415501594543457e-01
9.467349052429199219e-01
9.010714888572692871e-01
9.329349994659423828e-01
9.212059378623962402e-01
9.295377731323242188e-01
9.461172223091125488e-01
9.488340020179748535e-01
9.850593209266662598e-01
9.948156476020812988e-01
9.858737587928771973e-01
9.920348525047302246e-01
8.764981627464294434e-01
9.360745549201965332e-01
9.688735604286193848e-01
9.635089039802551270e-01
9.876958727836608887e-01
8.812857270240783691e-01
9.518986940383911133e-01
9.820527434349060059e-01
9.695991873741149902e-01
9.418565630912780762e-01
9.453681111335754395e-01
9.404092431068420410e-01
9.599140882492065430e-01
9.902002215385437012e-01
9.815139174461364746e-01
9.792310595512390137e-01
9.725195765495300293e-01
9.527741074562072754e-01
9.373522400856018066e-01
9.464070200920104980e-01
9.634616971015930176e-01
9.418105483055114746e-01
9.910351634025573730e-01
9.544802904129028320e-01
9.469959735870361328e-01
9.661497473716735840e-01
9.845458865165710449e-01
9.595038294792175293e-01
9.724463820457458496e-01
9.646967053413391113e-01
9.865970015525817871e-01
9.583155512809753418e-01
8.941830396652221680e-01
9.673660397529602051e-01
9.630862474441528320e-01
9.547991156578063965e-01
9.906675219535827637e-01
9.680092334747314453e-01
9.720994830131530762e-01
9.814599156379699707e-01
9.537523388862609863e-01
9.615037441253662109e-01
9.655227065086364746e-01
9.291734099388122559e-01
9.614640474319458008e-01
9.688784480094909668e-01
9.596315026283264160e-01
9.265781044960021973e-01
9.274750947952270508e-01
9.899706244468688965e-01
5.484613776206970215e-01
2.569327056407928467e-01
1.324589252471923828e-01
1.694972664117813110e-01
1.628772914409637451e-01
2.666684389114379883e-01
3.180904090404510498e-01
3.226473927497863770e-01
1.721497029066085815e-01
3.897819221019744873e-01
2.189720720052719116e-01
2.453828752040863037e-01
1.962573826313018799e-01
2.330079376697540283e-01
2.134724259376525879e-01
2.412616312503814697e-01
1.027953401207923889e-01
1.564386636018753052e-01
2.314015030860900879e-01
2.013191580772399902e-01
1.890011876821517944e-01
2.709819376468658447e-01
1.513314247131347656e-01
1.489089876413345337e-01
2.911336719989776611e-01
4.057912826538085938e-01
2.252521216869354248e-01
1.438154578208923340e-01
1.045474931597709656e-01
1.101629361510276794e-01
1.964325904846191406e-01
1.220568940043449402e-01
7.124675065279006958e-02
5.842960625886917114e-02
1.123406812548637390e-01
7.172217220067977905e-02
1.842787265777587891e-01
2.479080259799957275e-01
1.810802817344665527e-01
1.644440591335296631e-01
1.352677792310714722e-01
2.244281172752380371e-01
1.760568171739578247e-01
1.409564614295959473e-01
1.185011044144630432e-01
1.501401215791702271e-01
2.620112597942352295e-01
1.421527266502380371e-01
1.235639080405235291e-01
1.234318241477012634e-01
1.676866114139556885e-01
7.425523549318313599e-02
1.096212491393089294e-01
1.981742829084396362e-01
1.365987509489059448e-01
9.915351122617721558e-02
1.433526128530502319e-01
1.482011526823043823e-01
1.692789644002914429e-01
1.424869298934936523e-01
1.576701700687408447e-01
1.631416082382202148e-01
1.527552604675292969e-01
1.973241269588470459e-01
2.396682798862457275e-01
1.470819711685180664e-01
1.590481549501419067e-01
1.051558777689933777e-01
2.061910629272460938e-01
4.672259986400604248e-01
2.121561616659164429e-01
1.400112360715866089e-01
1.040691658854484558e-01
1.265251934528350830e-01
1.147285923361778259e-01
3.059878051280975342e-01
1.467266678810119629e-01
1.345436871051788330e-01
3.159614503383636475e-01
2.715735435485839844e-01
2.192184627056121826e-01
1.792283058166503906e-01
7.499488443136215210e-02
2.258374691009521484e-01
1.415968835353851318e-01
7.578400522470474243e-02
1.967397183179855347e-01
4.058523476123809814e-01
1.521101593971252441e-01
2.294078171253204346e-01
2.708107531070709229e-01
1.711873561143875122e-01
1.169456765055656433e-01
1.130669191479682922e-01
1.177015230059623718e-01
1.662156283855438232e-01
1.488618999719619751e-01
1.114589497447013855e-01
1.529059410095214844e-01
1.126108840107917786e-01
1.221787557005882263e-01
2.017264366149902344e-01
2.758794128894805908e-01
1.179364547133445740e-01
1.457421779632568359e-01
1.522622108459472656e-01
1.609617769718170166e-01
1.995785236358642578e-01
1.920397579669952393e-01
1.824253648519515991e-01
1.353452652692794800e-01
1.275602430105209351e-01
6.940306723117828369e-02
1.290466338396072388e-01
4.993871152400970459e-01
2.006953209638595581e-01
2.685438096523284912e-01
1.127715930342674255e-01
9.803143888711929321e-02
1.383301913738250732e-01
1.013618931174278259e-01
1.085794791579246521e-01
4.305881261825561523e-02
1.767650395631790161e-01
1.592075824737548828e-01
4.957350343465805054e-02
1.215290501713752747e-01
9.571296721696853638e-02
9.111374616622924805e-02
1.503248661756515503e-01
2.300191819667816162e-01
1.594043374061584473e-01
1.800980269908905029e-01
1.225888654589653015e-01
2.427053749561309814e-01
4.961460083723068237e-02
6.522578746080398560e-02
1.989684253931045532e-01
1.749067604541778564e-01
8.067800849676132202e-02
1.762991249561309814e-01
1.922286301851272583e-01
2.105820626020431519e-01
1.857281923294067383e-01
2.912241220474243164e-01
1.841958761215209961e-01
8.823288977146148682e-02
9.536824375391006470e-02
6.383911520242691040e-02
2.221825122833251953e-01
1.171267107129096985e-01
3.895226418972015381e-01
1.990244686603546143e-01
2.289530336856842041e-01
1.720243096351623535e-01
3.111838102340698242e-01
4.096539318561553955e-01
6.649832725524902344e-01
1.730916798114776611e-01
2.659730315208435059e-01
1.437868177890777588e-01
7.226327061653137207e-02
1.479145586490631104e-01
5.321888327598571777e-01
3.668865561485290527e-01
6.428961157798767090e-01
4.917330443859100342e-01
4.408851861953735352e-01
4.162127077579498291e-01
4.749930799007415771e-01
5.156691074371337891e-01
4.276833236217498779e-01
7.178370356559753418e-01
1.906339675188064575e-01
3.175221979618072510e-01
3.205818235874176025e-01
5.217678546905517578e-01
2.426445186138153076e-01
2.785359025001525879e-01
3.054055273532867432e-01
2.058881968259811401e-01
1.967948824167251587e-01
9.065145999193191528e-02
1.702633798122406006e-01
1.304609030485153198e-01
6.142774969339370728e-02
1.614862382411956787e-01
2.464067935943603516e-01
1.007628366351127625e-01
2.718433178961277008e-02
1.773828864097595215e-01
2.253308594226837158e-01
1.189625039696693420e-01
3.001861460506916046e-02
2.099197506904602051e-01
4.308060556650161743e-02
1.304962933063507080e-01
2.119011282920837402e-01
1.415286958217620850e-01
9.701256453990936279e-02
2.467817366123199463e-01
1.867022216320037842e-01
2.415542304515838623e-01
2.593115270137786865e-01
2.572466433048248291e-01
1.502541303634643555e-01
2.759986221790313721e-01
3.830546438694000244e-01
3.284428417682647705e-01
1.447565853595733643e-01
3.003480732440948486e-01
3.786729872226715088e-01
1.623419523239135742e-01
1.714112162590026855e-01
2.208272814750671387e-01
2.163710743188858032e-01
2.379511892795562744e-01
1.334841996431350708e-01
1.015420779585838318e-01
8.934958279132843018e-02
1.746134459972381592e-01
1.687309890985488892e-01
2.203567624092102051e-01
2.604148089885711670e-01
1.011547073721885681e-01
2.092917114496231079e-01
1.859052628278732300e-01
6.973928809165954590e-01
7.153237462043762207e-01
5.768316388130187988e-01
6.332238316535949707e-01
4.266903996467590332e-01
3.861779272556304932e-01
7.900378704071044922e-01
5.637388229370117188e-01
3.487858772277832031e-01
5.370075106620788574e-01
1.202313974499702454e-01
1.030312106013298035e-01
8.226288855075836182e-02
4.557006806135177612e-02
1.503903269767761230e-01
1.394602656364440918e-01
1.856502592563629150e-01
1.040320172905921936e-01
1.418332159519195557e-01
1.304552555084228516e-01
6.985143572092056274e-02
5.148784816265106201e-02
2.415720559656620026e-02
2.496585547924041748e-01
1.655142754316329956e-01
8.556827902793884277e-02
1.185206994414329529e-01
3.241167366504669189e-01
4.640420973300933838e-01
3.055118322372436523e-01
2.724375426769256592e-01
1.611165851354598999e-01
1.479576975107192993e-01
1.248276308178901672e-01
2.028998732566833496e-01
3.589215576648712158e-01
1.939274966716766357e-01
1.874594092369079590e-01
1.179554536938667297e-01
1.646517217159271240e-01
1.095046475529670715e-01
1.379697769880294800e-01
5.992875993251800537e-02
6.138051301240921021e-02
1.903835684061050415e-01
2.045557945966720581e-01
1.829468160867691040e-01
2.097650170326232910e-01
1.842992603778839111e-01
2.216318845748901367e-01
3.187855482101440430e-01
4.191768467426300049e-01
2.392526268959045410e-01
3.669371604919433594e-01
5.296385288238525391e-01
3.076079785823822021e-01
2.728036940097808838e-01
2.448788285255432129e-01
3.588207662105560303e-01
3.507288694381713867e-01
2.150807380676269531e-01
2.601968348026275635e-01
2.185038775205612183e-01
2.702662050724029541e-01
4.683735668659210205e-01
2.263812124729156494e-01
3.549077510833740234e-01
3.042505085468292236e-01
3.603334426879882812e-01
4.206785261631011963e-01
5.927535891532897949e-01
2.035444378852844238e-01
1.435637623071670532e-01
1.909828484058380127e-01
1.497387290000915527e-01
1.941627264022827148e-01
2.916646897792816162e-01
2.179976552724838257e-01
1.544651538133621216e-01
2.292433977127075195e-01
1.464895009994506836e-01
1.228407099843025208e-01
2.220496535301208496e-01
4.144904315471649170e-01
2.608985006809234619e-01
7.524703145027160645e-01
3.016744256019592285e-01
2.521255314350128174e-01
5.361849665641784668e-01
1.568015813827514648e-01
1.699568182229995728e-01
1.969638466835021973e-01
1.300894469022750854e-01
1.723539382219314575e-01
1.387079060077667236e-01
1.231884285807609558e-01
1.756765991449356079e-01
1.625213772058486938e-01
3.827906250953674316e-01
2.694291472434997559e-01
4.149697721004486084e-01
2.564861774444580078e-01
2.713391780853271484e-01
3.373176455497741699e-01
1.371520161628723145e-01
1.150132790207862854e-01
1.356583684682846069e-01
2.269778251647949219e-01
2.726457417011260986e-01
2.814399898052215576e-01
3.131254613399505615e-01
2.508192956447601318e-01
1.303111463785171509e-01
2.840792238712310791e-01
4.560717046260833740e-01
3.060191869735717773e-01
3.041708171367645264e-01
1.742454171180725098e-01
1.073204651474952698e-01
1.870804578065872192e-01
1.446081399917602539e-01
1.665294915437698364e-01
3.002190887928009033e-01
4.238469898700714111e-01
4.302699863910675049e-01
3.261083662509918213e-01
4.194700121879577637e-01
2.662566602230072021e-01
4.314122498035430908e-01
4.378524124622344971e-01
3.875955343246459961e-01
3.722634911537170410e-01
1.944141834974288940e-01
9.328616410493850708e-02
2.724888622760772705e-01
2.720322310924530029e-01
2.595051825046539307e-01
2.138601690530776978e-01
2.206843197345733643e-01
2.015624344348907471e-01
1.112243458628654480e-01
1.746384799480438232e-01
8.685834705829620361e-02
1.246433481574058533e-01
9.309317171573638916e-02
2.261582612991333008e-01
1.789769828319549561e-01
3.984453529119491577e-02
1.941190361976623535e-01
8.816383779048919678e-02
1.465771496295928955e-01
2.250190675258636475e-01
2.892375290393829346e-01
2.173428833484649658e-01
1.473495364189147949e-01
1.283060461282730103e-01
2.208509892225265503e-01
2.343924939632415771e-01
1.189276650547981262e-01
1.087537035346031189e-01
1.211439445614814758e-01
1.910820603370666504e-01
1.160440370440483093e-01
6.481726467609405518e-02
1.947969198226928711e-01
1.658860743045806885e-01
1.093446984887123108e-01
1.472449302673339844e-01
9.435880780220031738e-01
9.410547018051147461e-01
9.297851920127868652e-01
9.468839168548583984e-01
9.377502799034118652e-01
9.523677825927734375e-01
9.529538750648498535e-01
9.241016507148742676e-01
8.693069815635681152e-01
9.073190689086914062e-01
8.770914673805236816e-01
9.075688719749450684e-01
9.242898225784301758e-01
8.791279792785644531e-01
8.723515272140502930e-01
9.237510561943054199e-01
8.974545598030090332e-01
9.039204716682434082e-01
8.467714190483093262e-01
8.547445535659790039e-01
9.108029007911682129e-01
8.813049793243408203e-01
8.947286605834960938e-01
8.164722323417663574e-01
8.783598542213439941e-01
9.023640751838684082e-01
8.856082558631896973e-01
8.146032094955444336e-01
8.735855221748352051e-01
7.940667271614074707e-01
8.159222602844238281e-01
8.427125811576843262e-01
8.386666178703308105e-01
8.837478160858154297e-01
8.592599034309387207e-01
8.952553868293762207e-01
9.258747696876525879e-01
8.637599945068359375e-01
9.180033802986145020e-01
9.089109301567077637e-01
9.380421042442321777e-01
9.103555083274841309e-01
9.394524693489074707e-01
8.559210300445556641e-01
8.951961398124694824e-01
9.132046103477478027e-01
8.066667914390563965e-01
7.703798413276672363e-01
8.529725074768066406e-01
8.059468865394592285e-01
8.410335183143615723e-01
7.377143502235412598e-01
5.839474797248840332e-01
3.962998688220977783e-01
1.598296463489532471e-01
2.164860665798187256e-01
7.423850148916244507e-02
5.532332509756088257e-02
1.232586577534675598e-01
1.280327290296554565e-01
1.788573563098907471e-01
1.900306940078735352e-01
2.227805554866790771e-01
2.984395027160644531e-01
2.161456197500228882e-01
2.085323184728622437e-01
2.534026503562927246e-01
1.369717568159103394e-01
1.202080473303794861e-01
1.090599521994590759e-01
1.627788543701171875e-01
1.182748302817344666e-01
9.135325998067855835e-02
1.232677921652793884e-01
2.652579545974731445e-01
2.123801261186599731e-01
1.303148120641708374e-01
9.050565212965011597e-02
1.834572255611419678e-01
2.347395122051239014e-01
2.057338953018188477e-01
2.343491613864898682e-01
3.047961890697479248e-01
1.038490012288093567e-01
1.474150717258453369e-01
1.496129035949707031e-01
1.797661632299423218e-01
1.715438067913055420e-01
1.537864059209823608e-01
1.339339017868041992e-01
2.485585510730743408e-01
1.242807582020759583e-01
1.907094717025756836e-01
2.062126547098159790e-01
2.623977363109588623e-01
2.357645332813262939e-01
4.577310085296630859e-01
1.500197947025299072e-01
2.980717718601226807e-01
2.689596712589263916e-01
3.819245696067810059e-01
4.894572198390960693e-01
7.928507924079895020e-01
6.501375436782836914e-01
2.840504348278045654e-01
2.305291593074798584e-01
3.304819464683532715e-01
4.881919920444488525e-01
4.767066538333892822e-01
4.579517543315887451e-01
4.475499093532562256e-01
3.479454815387725830e-01
3.064154684543609619e-01
4.741310775279998779e-01
4.252533316612243652e-01
3.817365467548370361e-01
3.541585505008697510e-01
3.284021914005279541e-01
3.540038466453552246e-01
3.374477326869964600e-01
3.648549616336822510e-01
2.609663903713226318e-01
3.716813921928405762e-01
2.915274798870086670e-01
4.361430108547210693e-01
3.556021153926849365e-01
2.553538978099822998e-01
1.165962442755699158e-01
3.879727125167846680e-01
2.684467732906341553e-01
2.485861182212829590e-01
2.608579993247985840e-01
5.869067311286926270e-01
3.558489382266998291e-01
2.259903550148010254e-01
3.411253988742828369e-01
1.561205685138702393e-01
1.524055004119873047e-01
2.067884206771850586e-01
1.774717867374420166e-01
1.829762309789657593e-01
2.848343849182128906e-01
2.582627534866333008e-01
3.857168257236480713e-01
2.631841301918029785e-01
2.734004259109497070e-01
2.267957627773284912e-01
3.572072684764862061e-01
2.687089145183563232e-01
2.174892127513885498e-01
2.894947230815887451e-01
3.623978197574615479e-01
3.137103319168090820e-01
2.292045354843139648e-01
2.823052108287811279e-01
3.420008718967437744e-01
3.398422002792358398e-01
2.923580706119537354e-01
2.759344875812530518e-01
8.543214201927185059e-02
1.265662908554077148e-01
8.667727559804916382e-02
1.893683820962905884e-01
1.681209951639175415e-01
1.789184957742691040e-01
1.665002107620239258e-01
1.987488120794296265e-01
1.874880939722061157e-01
1.742227673530578613e-01
1.917482167482376099e-01
1.443450301885604858e-01
3.096329867839813232e-01
1.226461455225944519e-01
1.784592717885971069e-01
1.748182475566864014e-01
2.054759114980697632e-01
2.408719658851623535e-01
1.752802729606628418e-01
2.051828354597091675e-01
1.315091550350189209e-01
5.148178935050964355e-01
9.684772044420242310e-02
1.124882921576499939e-01
1.366189718246459961e-01
2.621744573116302490e-01
1.200145408511161804e-01
2.978689968585968018e-01
1.816680729389190674e-01
1.099909767508506775e-01
1.277958005666732788e-01
5.998856574296951294e-02
5.693949759006500244e-02
4.949717223644256592e-02
1.165531016886234283e-02
1.044202968478202820e-01
1.070587113499641418e-01
2.128251791000366211e-01
1.038873270153999329e-01
9.876487404108047485e-02
1.079212948679924011e-01
3.956583738327026367e-01
3.350053727626800537e-01
5.261834263801574707e-01
5.630046725273132324e-01
2.979671061038970947e-01
3.896855413913726807e-01
2.547127902507781982e-01
3.024652898311614990e-01
2.500839829444885254e-01
1.507617235183715820e-01
4.409677684307098389e-01
5.990484952926635742e-01
3.000372946262359619e-01
1.702383756637573242e-01
2.161449193954467773e-01
2.484497129917144775e-01
2.243091464042663574e-01
5.499442815780639648e-01
3.261156678199768066e-01
2.873141467571258545e-01
1.914348304271697998e-01
2.035736441612243652e-01
3.070161640644073486e-01
2.634673416614532471e-01
1.845891624689102173e-01
1.374601125717163086e-01
1.346316635608673096e-01
6.333625316619873047e-01
2.408391535282135010e-01
2.055803984403610229e-01
2.548739016056060791e-01
2.238596081733703613e-01
3.184137046337127686e-01
1.320848613977432251e-01
1.804144084453582764e-01
2.275552451610565186e-01
1.469467580318450928e-01
1.709726005792617798e-01
1.939685046672821045e-01
1.548432558774948120e-01
1.835483461618423462e-01
2.406190931797027588e-01
1.876793950796127319e-01
2.167166471481323242e-01
2.250078618526458740e-01
2.296147644519805908e-01
1.864154040813446045e-01
1.310875266790390015e-01
1.776913106441497803e-01
1.245122477412223816e-01
7.345467060804367065e-02
1.821825355291366577e-01
1.825836002826690674e-01
3.997664153575897217e-01
1.516634076833724976e-01
9.300389885902404785e-02
1.226361766457557678e-01
2.623839676380157471e-01
2.603482007980346680e-01
3.360174596309661865e-01
2.003236114978790283e-01
2.430180609226226807e-01
2.821273803710937500e-01
3.050063252449035645e-01
1.768587231636047363e-01
1.645287871360778809e-01
1.309086531400680542e-01
1.807161271572113037e-01
1.852546930313110352e-01
1.631740629673004150e-01
1.515128016471862793e-01
1.558560431003570557e-01
1.068255826830863953e-01
1.381641030311584473e-01
1.660411655902862549e-01
1.571230441331863403e-01
1.437779664993286133e-01
2.611090838909149170e-01
1.178282275795936584e-01
1.546114087104797363e-01
1.504807025194168091e-01
2.630979418754577637e-01
1.216038092970848083e-01
6.309454888105392456e-02
1.216881908476352692e-02
1.206858083605766296e-01
8.397600799798965454e-02
1.474398970603942871e-01
8.426990360021591187e-02
4.373840242624282837e-02
3.663172572851181030e-02
1.026555374264717102e-01
5.891268700361251831e-02
1.599473059177398682e-01
1.498788297176361084e-01
1.132189109921455383e-01
1.439296454191207886e-01
1.432906836271286011e-01
1.911738812923431396e-01
2.220220565795898438e-01
1.637931615114212036e-01
1.918073892593383789e-01
1.842879354953765869e-01
1.516032665967941284e-01
1.611826121807098389e-01
1.550531983375549316e-01
1.661556512117385864e-01
1.500374525785446167e-01
1.735983937978744507e-01
1.249533370137214661e-01
7.388700544834136963e-02
1.955983638763427734e-01
1.143478527665138245e-01
1.204256787896156311e-01
1.356614232063293457e-01
1.074501350522041321e-01
1.092648580670356750e-01
1.403940171003341675e-01
2.553560733795166016e-01
2.095761895179748535e-01
1.238644495606422424e-01
1.815319657325744629e-01
1.300171762704849243e-01
9.041698276996612549e-02
7.722889631986618042e-02
8.812929689884185791e-02
4.732292145490646362e-02
7.231406122446060181e-02
5.478202551603317261e-02
2.374881803989410400e-01
1.426309943199157715e-01
1.293199062347412109e-01
1.216872856020927429e-01
1.534661203622817993e-01
8.319235593080520630e-02
1.428122967481613159e-01
6.019983440637588501e-02
1.028476133942604065e-01
1.436664313077926636e-01
1.924693584442138672e-01
6.857685446739196777e-01
2.112763673067092896e-01
1.657278835773468018e-01
1.429978311061859131e-01
1.354911029338836670e-01
3.541854918003082275e-01
1.844194084405899048e-01
1.638479232788085938e-01
2.257947027683258057e-01
3.071738779544830322e-01
2.544334828853607178e-01
4.360030591487884521e-01
1.239359900355339050e-01
1.813889741897583008e-01
3.149827420711517334e-01
3.067825138568878174e-01
2.099558711051940918e-01
2.412358224391937256e-01
2.519985437393188477e-01
2.205941379070281982e-01
1.788615733385086060e-01
1.776953786611557007e-01
1.953920722007751465e-01
4.634398818016052246e-01
4.118782281875610352e-01
2.665986120700836182e-01
7.752701640129089355e-02
1.690909862518310547e-01
1.661922037601470947e-01
1.682597547769546509e-01
2.996288836002349854e-01
1.818400174379348755e-01
1.393310725688934326e-01
1.637986451387405396e-01
2.185914218425750732e-01
1.805849671363830566e-01
2.425257265567779541e-01
3.456206619739532471e-01
1.776368618011474609e-01
1.732363104820251465e-01
3.107101321220397949e-01
2.140146195888519287e-01
2.710544764995574951e-01
2.105199545621871948e-01
1.317697465419769287e-01
2.140603661537170410e-01
1.779372543096542358e-01
2.366054952144622803e-01
1.795286834239959717e-01
7.541354745626449585e-02
8.864397555589675903e-02
1.385150253772735596e-01
1.589316278696060181e-01
1.982573419809341431e-01
1.844482272863388062e-01
8.416972309350967407e-02
3.477048575878143311e-01
5.472155213356018066e-01
6.473361849784851074e-01
5.287066102027893066e-01
6.136980652809143066e-01
4.061393141746520996e-01
4.385431110858917236e-01
5.275113582611083984e-01
4.992267191410064697e-01
2.011184990406036377e-01
2.636678516864776611e-01
1.935365051031112671e-01
2.240411043167114258e-01
4.446886479854583740e-01
3.100997209548950195e-01
3.363716006278991699e-01
3.355342149734497070e-01
2.241488993167877197e-01
2.211471498012542725e-01
2.922009527683258057e-01
2.396126687526702881e-01
2.320074439048767090e-01
4.112570583820343018e-01
3.669820725917816162e-01
5.689275860786437988e-01
3.174355328083038330e-01
2.302401661872863770e-01
1.952868551015853882e-01
1.319271773099899292e-01
3.416170477867126465e-01
1.050095930695533752e-01
1.351522207260131836e-01
1.816953718662261963e-01
1.398500800132751465e-01
1.251971274614334106e-01
3.224174082279205322e-01
2.815016210079193115e-01
3.609051704406738281e-01
3.134040534496307373e-01
2.497230172157287598e-01
3.690762817859649658e-01
4.217941462993621826e-01
3.548615276813507080e-01
3.228953480720520020e-01
4.789198338985443115e-01
4.303811490535736084e-01
5.363699793815612793e-01
2.983253300189971924e-01
1.676294207572937012e-01
2.438841760158538818e-01
2.930225431919097900e-01
1.349943280220031738e-01
1.835098266601562500e-01
1.369944512844085693e-01
2.260890603065490723e-01
2.036231607198715210e-01
2.172172665596008301e-01
2.554098963737487793e-01
1.833999007940292358e-01
2.834280729293823242e-01
3.783520758152008057e-01
1.730730086565017700e-01
1.131336614489555359e-01
7.943371683359146118e-02
1.465329378843307495e-01
3.387472033500671387e-01
3.997122943401336670e-01
2.694036364555358887e-01
2.487329840660095215e-01
1.316552460193634033e-01
1.874274909496307373e-01
2.076400667428970337e-01
4.594171345233917236e-01
3.532748222351074219e-01
4.827574193477630615e-01
3.162021040916442871e-01
4.041807949542999268e-01
5.402144193649291992e-01
2.252360284328460693e-01
3.919444382190704346e-01
4.312017261981964111e-01
4.918379485607147217e-01
3.378696143627166748e-01
2.767900526523590088e-01
3.862222433090209961e-01
4.212358891963958740e-01
3.428300917148590088e-01
2.586245834827423096e-01
2.733351290225982666e-01
5.644762516021728516e-02
1.957272887229919434e-01
2.028182744979858398e-01
2.542152702808380127e-01
2.279182672500610352e-01
2.412990033626556396e-01
1.998640149831771851e-01
1.833503842353820801e-01
2.913745045661926270e-01
2.554636895656585693e-01
3.677904307842254639e-01
4.844213426113128662e-01
1.488556861877441406e-01
2.962829172611236572e-01
4.890247285366058350e-01