4.229352995753288269e-02
1.827856712043285370e-02
2.954441355541348457e-03
3.679387504234910011e-03
2.130365930497646332e-03
2.988366410136222839e-03
1.757040852680802345e-03
1.238107332028448582e-03
1.327330712229013443e-03
1.212278148159384727e-03
1.387463300488889217e-03
1.168352901004254818e-03
5.586699699051678181e-04
6.125129875726997852e-04
5.456540384329855442e-04
4.886969109065830708e-04
6.584741058759391308e-04
8.824600954540073872e-04
8.898769738152623177e-04
3.994707367382943630e-04
5.149283097125589848e-04
5.797517369501292706e-04
3.566691884770989418e-04
3.383515577297657728e-04
4.021002969238907099e-04
6.825086893513798714e-04
5.779218627139925957e-04
5.647048237733542919e-04
5.376923945732414722e-04
2.922977728303521872e-04
3.297368239145725965e-04
2.826855925377458334e-04
3.720313834492117167e-04
2.703757782001048326e-04
2.816315973177552223e-04
3.309143357910215855e-04
3.658128553070127964e-04
3.010689106304198503e-04
6.788229802623391151e-04
2.937428653240203857e-04
5.742831854149699211e-04
2.236457512481138110e-04
2.324984670849516988e-04
3.499792364891618490e-04
3.193998709321022034e-04
2.185459714382886887e-03
2.126459148712456226e-04
2.212633844465017319e-04
3.248818102292716503e-04
2.802597591653466225e-04
3.475489502307027578e-04
4.075776378158479929e-04
2.848637814167886972e-04
3.799236728809773922e-04
1.847727253334596753e-04
3.825045423582196236e-04
3.141018387395888567e-04
2.268713724333792925e-04
2.168437640648335218e-04
1.956401974894106388e-04
2.458008239045739174e-04
1.797995355445891619e-04
1.921311340993270278e-04
2.498827525414526463e-04
1.330765517195686698e-04
1.580181124154478312e-04
1.525910774944350123e-04
3.292900219094008207e-04
2.679049503058195114e-04
1.540331868454813957e-04
2.007373550441116095e-04
2.296275197295472026e-04
1.791006652638316154e-04
1.335719571216031909e-04
1.575861824676394463e-04
1.493148884037509561e-04
2.267408999614417553e-04
1.748044742271304131e-04
2.418199001112952828e-04
5.449362215586006641e-04
1.724110479699447751e-04
5.354437744244933128e-04
9.351856715511530638e-05
1.784384221537038684e-04
2.096798998536542058e-04
1.358250447083264589e-04
2.333227457711473107e-04
1.917544723255559802e-04
1.909629791043698788e-04
1.920918148243799806e-04
2.418167277937754989e-04
1.955462939804419875e-04
1.600628165761008859e-04
1.769201480783522129e-04
1.232192880706861615e-04
2.175081463064998388e-04
1.979892258532345295e-04
2.030760515481233597e-04
1.534082111902534962e-04
1.126293354900553823e-04
1.931878650793805718e-04
6.505586206912994385e-04
3.051199018955230713e-04
1.491562434239313006e-04
2.341951185371726751e-04
1.098547872970812023e-04
1.533857721369713545e-04
2.028860326390713453e-04
2.116171235684305429e-04
3.468731010798364878e-04
2.359539648750796914e-04
2.208816731581464410e-04
2.675873402040451765e-04
1.993753103306517005e-04
1.205138905788771808e-04
2.342771913390606642e-04
1.980382512556388974e-04
2.581533335614949465e-04
2.814631152432411909e-04
1.880220224848017097e-04
1.279469579458236694e-04
2.087763132294639945e-04
3.315722860861569643e-04
2.022248518187552691e-04
1.659436093177646399e-04
2.121075522154569626e-04
1.100528970710001886e-04
1.264376478502526879e-04
2.256974403280764818e-04
1.409811520716175437e-04
1.482583320466801524e-04
2.100510464515537024e-04
3.577991155907511711e-04
4.724510945379734039e-04
1.427076786058023572e-04
1.676231622695922852e-04
1.500084472354501486e-04
1.046659890562295914e-04
2.536834799684584141e-04
1.625976146897301078e-04
1.460165512980893254e-04
1.727818889776244760e-04
2.075947995763272047e-04
2.741880598478019238e-04
1.459022169001400471e-04
1.776997378328815103e-04
2.108073967974632978e-04
2.128643827745690942e-04
1.516758202342316508e-04
3.369715705048292875e-04
1.291143998969346285e-04
1.091922531486488879e-04
1.567832368891686201e-04
1.898181799333542585e-04
6.775435758754611015e-04
1.624277065275236964e-04
1.492098090238869190e-04
1.884996454464271665e-04
1.050831269822083414e-04
1.593549532117322087e-04
1.742151653161272407e-04
2.071859198622405529e-04
2.176682464778423309e-04
2.404103724984452128e-04
2.022794215008616447e-04
1.571211614646017551e-04
1.472578005632385612e-04
1.950966689037159085e-04
1.878098701126873493e-04
1.796499273041263223e-04
3.313605848234146833e-04
1.668608456384390593e-04
2.124777529388666153e-04
1.978205837076529860e-04
2.172749373130500317e-04
1.442350185243412852e-04
1.426083763362839818e-04
2.149344509234651923e-04
1.229276822414249182e-04
1.807597436709329486e-04
1.550102897454053164e-04
1.266584877157583833e-04
1.595480862306430936e-04
2.089105546474456787e-04
1.683657610556110740e-04
2.057344390777871013e-04
1.074488100130110979e-04
1.926505210576578975e-04
1.738295977702364326e-04
1.997068902710452676e-04
1.903788361232727766e-04
1.371709804516285658e-04
1.737544516799971461e-04
1.282772136619314551e-04
1.225995365530252457e-04
1.555612689116969705e-04
3.128274402115494013e-04
1.406069495715200901e-04
1.582327968208119273e-04
1.688955380814149976e-04
