5.400328338146209717e-02
1.483817212283611298e-02
2.372531918808817863e-03
2.625253750011324883e-03
2.064635045826435089e-03
2.003485104069113731e-03
1.259107259102165699e-03
1.682298490777611732e-03
1.416435348801314831e-03
8.500882540829479694e-04
8.998337434604763985e-04
7.170017925091087818e-04
7.515783654525876045e-04
8.679599850438535213e-04
9.804194560274481773e-04
7.118623470887541771e-04
6.206873222254216671e-04
4.687312175519764423e-04
5.178451538085937500e-04
4.675911914091557264e-04
4.897258477285504341e-04
4.066423862241208553e-04
1.569918007589876652e-03
6.712327594868838787e-04
4.609157913364470005e-04
3.417090338189154863e-04
5.014571943320333958e-04
4.158662050031125546e-04
2.674176066648215055e-04
3.827641194220632315e-04
2.502687275409698486e-04
2.118440170306712389e-04
3.448214265517890453e-04
3.914466651622205973e-04
2.939718542620539665e-04
4.724819737020879984e-04
2.765587996691465378e-04
5.831734160892665386e-04
4.884356749244034290e-04
3.389019402675330639e-04
2.744735393207520247e-04
3.625463286880403757e-04
4.790188395418226719e-04
5.140381399542093277e-04
3.914332774002104998e-04
2.537154650781303644e-04
2.567819901742041111e-04
2.272835263283923268e-04
2.498681133147329092e-04
3.677332715597003698e-04
2.073983632726594806e-04
2.403903636150062084e-04
2.159161813324317336e-04
2.400500234216451645e-04
2.578369749244302511e-04
2.413345646345987916e-04
3.296639770269393921e-04
4.855834704358130693e-04
2.035623765550553799e-04
1.787127839634194970e-04
2.532642974983900785e-04
2.224912750534713268e-04
1.816027943277731538e-04
2.175452827941626310e-04
2.122728910762816668e-04
2.521296264603734016e-04
2.246283547719940543e-04
2.136047696694731712e-04
2.647582150530070066e-04
2.856498176697641611e-04
2.604315232019871473e-04
2.964703016914427280e-04
3.253241593483835459e-04
2.995818504132330418e-04
4.021880449727177620e-04
1.918971101986244321e-04
2.046026784228160977e-04
1.970611774595454335e-04
2.181458839913830161e-04
2.182498137699440122e-04
1.875258167274296284e-03
1.616840454516932368e-04
1.344128831988200545e-04
1.718604471534490585e-04
2.252433769172057509e-04
1.476880424888804555e-04
1.861325290519744158e-04
2.416749630356207490e-04
2.417837094981223345e-04
3.614535962697118521e-04
2.787112025544047356e-04
3.363519790582358837e-04
1.597820228198543191e-04
1.694129750831052661e-04
3.474474651739001274e-04
1.596260844962671399e-04
2.169414510717615485e-04
1.636155502637848258e-04
1.256913237739354372e-04
2.631527604535222054e-04
3.146129020024091005e-04
1.745543268043547869e-04
2.430245658615604043e-04
2.057895035250112414e-04
6.682784878648817539e-04
3.416913677938282490e-04
3.465788613539189100e-04
3.395207168068736792e-04
2.072252245852723718e-04
1.935344917001202703e-04
1.506138069089502096e-04
1.667456672294065356e-04
2.532216603867709637e-04
1.737353595672175288e-04
2.875638601835817099e-04
1.802366605261340737e-04
1.981830864679068327e-04
2.963148290291428566e-04
2.503739378880709410e-04
1.703248126432299614e-04
2.463946875650435686e-04
1.960676308954134583e-04
2.171871456084772944e-04
2.684111823327839375e-04
2.670625690370798111e-04
4.975498886778950691e-04
2.110361238010227680e-04
1.916453620651736856e-04
2.652653492987155914e-04
1.917383779073134065e-04
2.565309696365147829e-04
3.170528798364102840e-04
2.589130599517375231e-04
1.854019938036799431e-04
2.694690774660557508e-04
3.172651631757616997e-04
1.584087876835837960e-04
2.197184367105364799e-04
1.561351673444733024e-04
1.251327921636402607e-04
3.789391194004565477e-04
2.640192105900496244e-04
2.328096597921103239e-04
2.410260931355878711e-04
1.967610733117908239e-04
1.610869949217885733e-04
1.713538804324343801e-04
1.258912961930036545e-04
2.168833161704242229e-04
1.708133058855310082e-04
1.923503295984119177e-04
1.333203836111351848e-04
1.404641807312145829e-04
1.149948875536210835e-04
3.780108527280390263e-04
5.667401128448545933e-04
1.472192088840529323e-04
1.860828779172152281e-04
1.529308210592716932e-04
1.740992156555876136e-04
1.628794270800426602e-04
8.340015483554452658e-05
1.404487557010725141e-04
1.123148103943094611e-04
1.854895817814394832e-04
2.563221787568181753e-04
2.967931213788688183e-04
2.918293466791510582e-04
2.602181630209088326e-04
2.546047326177358627e-04
2.157880662707611918e-04
1.379357272526249290e-04
1.098135253414511681e-04
2.798890927806496620e-04
3.766577574424445629e-04
3.708310250658541918e-04
2.428343141218647361e-04
2.633119001984596252e-04
2.230117097496986389e-04
2.244948846055194736e-04
2.245036448584869504e-04
2.122047299053519964e-04
2.004250127356499434e-04
1.618243550183251500e-04
2.721318160183727741e-04
3.021834418177604675e-04
2.467414597049355507e-04
2.989094355143606663e-04
2.985464816447347403e-04
3.137566091027110815e-04
3.668606805149465799e-04
2.960710553452372551e-04
3.115225990768522024e-04
2.922596468124538660e-04
2.834102197084575891e-04
2.197447902290150523e-04
3.025220939889550209e-04
4.937399062328040600e-04
1.711820368655025959e-04
1.631832128623500466e-04
2.598665596451610327e-04
2.078557881759479642e-04
1.582331897225230932e-04
1.424085348844528198e-04
2.165733603760600090e-04
2.166947670048102736e-04
1.322804309893399477e-04
1.381285983370617032e-04
1.347096258541569114e-04
1.967904681805521250e-04
1.662734430283308029e-04
1.303089666180312634e-04
1.748795184539631009e-04
3.188219852745532990e-04
1.127217838075011969e-04
1.207469176733866334e-04
1.805357896955683827e-04
1.641110429773107171e-04
1.860545307863503695e-04
1.763221516739577055e-04
1.676097162999212742e-04
1.504420069977641106e-04
1.416983286617323756e-04
1.880922500276938081e-04
1.364771451335400343e-04
1.206782617373391986e-04
1.418320316588506103e-04
1.602433621883392334e-04
1.600046962266787887e-04
2.069275360554456711e-04
1.328758080489933491e-04
1.591626205481588840e-04
1.712953089736402035e-04
1.398276508552953601e-04
1.042553194565698504e-04
2.271852572448551655e-04
2.084305306198075414e-04
1.430338161299005151e-04
1.577188086230307817e-04
1.545791456010192633e-04
2.237256703665480018e-04
1.913883461384102702e-04
1.648865290917456150e-04
1.558845251565799117e-04
1.253080699825659394e-04
1.062707960954867303e-04
1.250339701073244214e-04
8.755754242883995175e-05
1.788746158126741648e-04
1.167837908724322915e-04
1.416543673258274794e-04
2.222129987785592675e-04
1.537414937047287822e-04
1.564994745422154665e-04
1.567193685332313180e-04
1.896644535008817911e-04
1.793477276805788279e-04
1.411337434547021985e-04
1.219250261783599854e-04
1.345634227618575096e-04
1.153199264081194997e-04
2.377643395448103547e-04
1.461995125282555819e-04
1.602249976713210344e-04
1.394717110088095069e-04
2.444821293465793133e-04
1.451389398425817490e-04
9.819008118938654661e-05
1.129819502239115536e-04
2.535158710088580847e-04
1.601400581421330571e-04
1.750496739987283945e-04
2.454439527355134487e-04
1.844564394559711218e-04
1.687471522018313408e-04
1.707098563201725483e-04
2.576259721536189318e-04
1.580722600920125842e-04
1.542949321446940303e-04
9.597696043783798814e-05
1.095698462449945509e-04
1.449753472115844488e-04
3.287488070782274008e-04
1.431528507964685559e-04
2.060363331111148000e-04
1.604042336111888289e-04
3.381863934919238091e-04
1.347915094811469316e-04
2.613328979350626469e-04
2.218559675384312868e-04
1.340321759926155210e-04
1.972120517166331410e-04
2.310144918737933040e-04
1.377393491566181183e-04
2.419659140286967158e-04
2.891850890591740608e-04
2.175391855416819453e-04
3.929524682462215424e-04
2.660984173417091370e-04
2.480617549736052752e-04
2.159805881092324853e-04
4.796017892658710480e-04
2.189737278968095779e-04
1.260915159946307540e-04
1.130621676566079259e-04
1.644497097004204988e-04
9.580693586030974984e-05
1.310211955569684505e-04
1.246409665327519178e-04
1.823058701120316982e-04
1.501699880464002490e-04
2.951935166493058205e-04
1.788268418749794364e-04
1.442143839085474610e-04
4.290386859793215990e-04
1.700149296084418893e-04
1.571284374222159386e-04
2.540861023589968681e-04
2.589301439002156258e-04
2.261921763420104980e-04
1.767921057762578130e-04
4.194437642581760883e-04
2.997695119120180607e-04
2.866758441086858511e-04
2.827563439495861530e-04
2.160013100365176797e-04
1.968844153452664614e-04
4.694503440987318754e-04
3.202730440534651279e-04
2.492336789146065712e-04
2.651014365255832672e-04
3.534170100465416908e-04
3.125380608253180981e-04
2.469638711772859097e-04
2.697047602850943804e-04
2.016730577452108264e-04
1.525395782664418221e-04
1.700650900602340698e-04
1.846879313234239817e-04
1.694351813057437539e-04
1.553333713673055172e-04
1.947606651810929179e-04
1.543584367027506232e-04
1.497627090429887176e-04
3.093713021371513605e-04
1.817759621189907193e-04
2.565778268035501242e-04
2.374874893575906754e-04
1.838648458942770958e-04
1.748938811942934990e-04
1.682057627476751804e-04
2.371314913034439087e-04
1.990328455576673150e-04
5.315138259902596474e-04
1.792140246834605932e-04
1.663150906097143888e-04
3.042789467144757509e-04
2.262258640257641673e-04
1.484319946030154824e-04
1.800255558919161558e-04
1.950479490915313363e-04
1.760325540089979768e-04
1.731646189000457525e-04
1.930838770931586623e-04
1.685403112787753344e-04
1.308365463046357036e-04
2.566147595643997192e-04
1.321203744737431407e-04
2.436545764794573188e-04
9.779406536836177111e-05
1.671482896199449897e-04
2.049746544798836112e-04
1.935783802764490247e-04
1.427085371688008308e-04
1.596080255694687366e-04
8.159593562595546246e-04
2.207348443334922194e-04
1.845540973590686917e-04
2.009982563322409987e-04
1.555530761834233999e-04
1.437621831428259611e-04
1.278217823710292578e-04
1.471705472795292735e-04
1.356534630758687854e-04
3.084536292590200901e-04
1.586116413818672299e-04
1.640160771785303950e-04
1.921729271998628974e-04
1.665989402681589127e-04
1.573484769323840737e-04
2.413078327663242817e-04
3.183737280778586864e-04
2.407595311524346471e-04
2.279819309478625655e-04
2.663140767253935337e-04
2.959973062388598919e-04
2.984183665830641985e-04
1.853797584772109985e-04
1.254847593372687697e-04
2.114045637426897883e-04
1.556172501295804977e-04
1.576391514390707016e-04
1.347320649074390531e-04
1.503927778685465455e-04
1.567470608279109001e-04
1.278868439840152860e-04
1.368218072457239032e-04
1.562243996886536479e-04
1.395095605403184891e-04
1.487761765019968152e-04
1.581793621880933642e-04
1.868271938292309642e-04
1.188836686196736991e-04
1.414028083672747016e-04
1.143533809226937592e-04
1.128774747485294938e-04
1.440292980987578630e-04
1.334333792328834534e-04
1.780104212230071425e-04
1.645995798753574491e-04
1.264543825527653098e-04
1.210906702908687294e-04
1.799216406652703881e-04
1.459109480492770672e-04
1.252327347174286842e-04
2.610374649520963430e-04
2.136227849405258894e-04
1.642281131353229284e-04
1.628696190891787410e-04
1.266664185095578432e-04
1.138627412728965282e-04
1.629107719054445624e-04
1.091239755623973906e-04
1.955744519364088774e-04
1.463507505832239985e-04
1.418813335476443172e-04
1.819772296585142612e-04
1.775822020135819912e-04
2.224208728875964880e-04
2.339207276236265898e-04
2.402719837846234441e-04
2.010232856264337897e-04
1.457837643101811409e-04
1.527174463262781501e-04
1.457679172744974494e-04
1.568774896441027522e-04
1.356048014713451266e-04
1.995472994167357683e-04
1.342153700534254313e-04
1.425068621756508946e-04
1.321583258686587214e-04
2.703143691178411245e-04
3.307239676360040903e-04
1.853439025580883026e-04
1.580698735779151320e-04
1.436414750060066581e-04
1.579569070599973202e-04
2.136010298272594810e-04
1.287724735448136926e-04
1.137855797423981130e-04
9.557375597069039941e-05
1.424852234777063131e-04
2.015517820836976171e-04
1.945637486642226577e-04
2.026363945333287120e-04
1.666479365667328238e-04
1.657760876696556807e-04
1.856726157711818814e-04
2.074639778584241867e-04
1.300692092627286911e-04
1.573028712300583720e-04
1.236312964465469122e-04
1.058953421306796372e-04
1.570968306623399258e-04
1.154879719251766801e-04
1.679430861258879304e-04
9.203776426147669554e-05
1.314971450483426452e-04
1.422221394022926688e-04
1.362536568194627762e-04
1.282945449929684401e-04
1.515530602773651481e-04
1.457425532862544060e-04
1.415773294866085052e-04
1.523706887383013964e-04
1.967418647836893797e-04
1.850734552135691047e-04
1.309701328864321113e-04
1.659232948441058397e-04
1.203287756652571261e-04
1.448504626750946045e-04
1.419215404894202948e-04
1.873328437795862556e-04
1.483461528550833464e-04
2.038880047621205449e-04
1.535929186502471566e-04
1.509732537670060992e-04
1.382125628879293799e-04
1.836412411648780107e-04
1.127146606449969113e-04
1.222196151502430439e-04
1.088965291273780167e-04
1.970823068404570222e-04
1.695361861493438482e-04
1.454983575968071818e-04
1.234059163834899664e-04
1.412653946317732334e-04
1.261280849575996399e-04
1.193440039060078561e-04
1.119197113439440727e-04
1.141355751315131783e-04
9.908140054903924465e-05
2.672676637303084135e-04
1.668500917730852962e-04
2.038207603618502617e-04
1.523606479167938232e-04
1.423470239387825131e-04
1.497265329817309976e-04
1.603560667717829347e-04
1.441110798623412848e-04
1.342099130852147937e-04
1.360220194328576326e-04
1.272921654162928462e-04
1.558859803481027484e-04
2.062199055217206478e-04
3.219728532712906599e-04
1.918572525028139353e-04
2.098280820064246655e-04
2.075072552543133497e-04
1.387116062687709928e-04
1.245794410351663828e-04
1.538521028123795986e-04
2.146250481018796563e-04
1.424593792762607336e-04
1.903984230011701584e-04
1.102405731217004359e-04
1.674501545494422317e-04
1.356438588118180633e-04
2.054798242170363665e-04
2.143904857803136110e-04
1.949180441442877054e-04
1.344427873846143484e-04
1.235436502611264586e-04
1.213516370626166463e-04
8.473334310110658407e-05
8.354184683412313461e-05
1.248895277967676520e-04
1.044508026097901165e-04
1.061175717040896416e-04
1.068760248017497361e-04
9.007075277622789145e-05
1.006859820336103439e-04
1.565778802614659071e-04
1.515181647846475244e-04
1.643682626308873296e-04
1.445142552256584167e-04
1.302873570239171386e-04
1.421285269316285849e-04
1.002863573376089334e-04
1.099015498766675591e-04
7.214187644422054291e-05
1.218214238178916276e-04
7.757345156278461218e-05
1.265597384190186858e-04
1.512199669377878308e-04
1.992898323806002736e-04
1.131420212914235890e-04
1.245068124262616038e-04
1.025889432639814913e-04
1.789370871847495437e-04
1.094077233574353158e-04
1.414693688275292516e-04
1.068569108610972762e-04
1.264712773263454437e-04
1.045609969878569245e-04
1.034553715726360679e-04
1.195282311527989805e-04
9.500100713921710849e-05
1.159268213086761534e-04
1.034576780511997640e-04
1.138384905061684549e-04
2.029986208071932197e-04
1.658942637732252479e-04
2.146125189028680325e-04
2.273606078233569860e-04
1.222663413500413299e-04
1.597436348674818873e-04
1.794329291442409158e-04
1.380495086777955294e-04
2.088608016492798924e-04
1.187185698654502630e-04
1.340666640317067504e-04
1.024449957185424864e-04
1.374966086586937308e-04
1.071414735633879900e-04
1.782919280230998993e-04
1.790019887266680598e-04
1.104013936128467321e-04
1.208794492413289845e-04
1.378829038003459573e-04
1.550673769088461995e-04
2.354774333070963621e-04
1.905224198708310723e-04
2.047082234639674425e-04
1.515500334789976478e-04
1.773194962879642844e-04
2.040219842456281185e-04
1.850981352617964149e-04
1.138620355050079525e-04
1.008466424536891282e-04
1.851857086876407266e-04
1.437144383089616895e-04
1.336586865363642573e-04
1.094965991796925664e-04
1.224417355842888355e-04
2.782612864393740892e-04
1.202220810228027403e-04
2.086237363982945681e-04
1.260736898984760046e-04
1.252694637514650822e-04
1.085931799025274813e-04
1.024248122121207416e-04
1.127763825934380293e-04
8.253377018263563514e-05
7.542919775005429983e-05
1.585565478308126330e-04
8.544821321265771985e-05
1.314736873609945178e-04
1.276620459975674748e-04
9.270030568586662412e-05
1.310664229094982147e-04
1.888518600026145577e-04
1.057540430338121951e-04
1.195305812871083617e-04
8.323086512973532081e-05
8.813834574539214373e-05
6.216432666406035423e-05
1.251328212674707174e-04
8.902110130293294787e-05
1.012982393149286509e-04
1.111798119382001460e-04
7.151450699893757701e-05
1.226470631081610918e-04
1.353603729512542486e-04
1.251962385140359402e-04
1.490265422035008669e-04
9.528415830573067069e-05
1.352811086690053344e-04
1.196891316794790328e-04
1.178077363874763250e-04
1.007325117825530469e-04
1.081100490409880877e-04
1.156827493105083704e-04
7.404516509268432856e-05
1.002351200440898538e-04
1.310192747041583061e-04
7.629804895259439945e-05
1.209932888741604984e-04
7.598238880746066570e-05
1.095158950192853808e-04
1.243278093170374632e-04
8.047504525166004896e-05
1.090404912247322500e-04
1.437092723790556192e-04
1.073433450073935091e-04
1.204209620482288301e-04
9.296738426201045513e-05
9.911072265822440386e-05
1.294932008022442460e-04
8.986821194412186742e-05
1.549674780108034611e-04
1.432874414604157209e-04
1.669866032898426056e-04
1.050513965310528874e-04
1.155685895355418324e-04
9.357387170894071460e-05
1.109604854718782008e-04
2.737553440965712070e-04
1.872668362921103835e-04
1.198937752633355558e-04
9.260251681553199887e-05
7.900063792476430535e-05
6.113555718911811709e-05
1.182325140689499676e-04
2.281408378621563315e-04
8.561806316720321774e-05
1.136488353949971497e-04
1.382803748128935695e-04
1.332886895397678018e-04
8.077391976257786155e-05
1.522633101558312774e-04
1.206584638566710055e-04
1.239682169398292899e-04
1.152680706582032144e-04
8.319421613123267889e-05
1.148244555224664509e-04
1.157974256784655154e-04
1.294474204769358039e-04
1.149258387158624828e-04
6.856147228972986341e-05
1.127998475567437708e-04
1.700005959719419479e-04
1.446290407329797745e-04
1.202935964101925492e-04
1.008964900393038988e-04
1.151712058344855905e-04
9.316040086559951305e-05
1.284228637814521790e-04
1.252600486623123288e-04
9.153999417321756482e-05
1.235689996974542737e-04
1.525026746094226837e-04
1.202821804326958954e-04
1.197069141198880970e-04
1.171907351817935705e-04
1.334596745437011123e-04
9.107840742217376828e-05
1.221099519170820713e-04
9.093570406548678875e-05
1.416792947566136718e-04
9.006830077851191163e-05
1.060110589605756104e-04
1.587611186550930142e-04
8.607339259469881654e-05
9.733576735015958548e-05
1.397814339725300670e-04
9.790412877919152379e-05
1.214599033119156957e-04
1.168480885098688304e-04
7.133817416615784168e-05
9.104925266001373529e-05
9.675057663116604090e-05
8.676126162754371762e-05
8.842333772918209434e-05
8.854972111294046044e-05
9.053510439116507769e-05
8.834320760797709227e-05
6.396987009793519974e-05
5.916681038797833025e-05
5.647513535222969949e-05
6.988643872318789363e-05
1.471688156016170979e-04
7.156829815357923508e-05
1.196020966744981706e-04
1.429571566404774785e-04
8.706981316208839417e-05
9.304048580816015601e-05
1.257119438378140330e-04
1.244417508132755756e-04
1.267140178242698312e-04
7.844725769245997071e-05
1.309503713855519891e-04
1.092452221200801432e-04
9.031808440340682864e-05
1.231586938956752419e-04
8.280789188574999571e-05
1.155917852884158492e-04
1.634202635614201427e-04
1.019244155031628907e-04
1.385586510878056288e-04
1.002901772153563797e-04
8.887638978194445372e-05
9.257223427994176745e-05
1.315609843004494905e-04
8.622284076409414411e-05
1.564575359225273132e-04
1.208327157655730844e-04
1.177719968836754560e-04
1.016000605886802077e-04
1.329790102317929268e-04
9.854145901044830680e-05
1.186933732242323458e-04
9.476902050664648414e-05
9.069900988833978772e-05
1.018148104776628315e-04
1.164506538771092892e-04
8.770615386310964823e-05
1.056848559528589249e-04
8.665797213325276971e-05
1.010998093988746405e-04
8.014680497581139207e-05
9.302487160312011838e-05
1.361241156700998545e-04
8.117999823298305273e-05
8.143285231199115515e-05
8.735174196772277355e-05
9.567989036440849304e-05
6.216887413756921887e-05
7.523147360188886523e-05
1.381212496198713779e-04
1.037129986798390746e-04
1.038123155012726784e-04
9.934981790138408542e-05
1.130910532083362341e-04
1.464158995077013969e-04
1.396283478243276477e-04
1.083568640751764178e-04
1.200340193463489413e-04
9.506249625701457262e-05
1.076691041816957295e-04
1.213157738675363362e-04
1.160536121460609138e-04
2.777037734631448984e-04
1.379552268190309405e-04
1.425940572516992688e-04
1.710493379505351186e-04
1.019054689095355570e-04
1.171151161543093622e-04
9.210713324137032032e-05
1.159205276053398848e-04
9.800268162507563829e-05
2.395907940808683634e-04
1.213694340549409389e-04
8.831659943098202348e-05
9.217936167260631919e-05
1.615877263247966766e-04
1.616644294699653983e-04
1.132654724642634392e-04
9.634174057282507420e-05
9.269444126402959228e-05
3.733477788046002388e-04
9.778459934750571847e-05
1.218894249177537858e-04
7.965167606016620994e-05
1.260649587493389845e-04
1.072462473530322313e-04
8.854941552272066474e-05
8.420323865721002221e-05
7.970640581334009767e-05
1.645669981371611357e-04
1.847820094553753734e-04
8.144758612615987659e-05
1.308139180764555931e-04
1.087159544113092124e-04
1.461843348806723952e-04
1.054407839546911418e-04
1.201915729325264692e-04
1.176585501525551081e-04
8.744531078264117241e-05
8.409371366724371910e-05
1.015357556752860546e-04
9.104183845920488238e-05
1.559418451506644487e-04
1.006493694148957729e-04
1.103837930713780224e-04
8.231605170294642448e-05
1.074010870070196688e-04
1.282976008951663971e-04
1.121985333156771958e-04
1.656762033235281706e-04
1.365047064609825611e-04
1.896057947305962443e-04
1.120970482588745654e-04
1.059718051692470908e-04
7.617112714797258377e-05
1.076239132089540362e-04
7.424100476782768965e-05
7.338728755712509155e-05
1.351043611066415906e-04
6.292325997492298484e-05
1.280014403164386749e-04
9.541921463096514344e-05
1.103830436477437615e-04
1.033350417856127024e-04
1.056149267242290080e-04
1.154911151388660073e-04
1.181657426059246063e-04
9.788424358703196049e-05
1.252972870133817196e-04
2.002952969633042812e-04
1.235763193108141422e-04
6.832245708210393786e-05
1.291418011533096433e-04
1.177919257315807045e-04
1.151972610387019813e-04
1.209390611620619893e-04
9.605257218936458230e-05
8.067030285019427538e-05
1.492166629759594798e-04
1.054272433975711465e-04
9.075037087313830853e-05
1.358501904178410769e-04
1.143734189099632204e-04
1.105723495129495859e-04
9.478842548560351133e-05
9.854149539023637772e-05
9.479175787419080734e-05
8.188844367396086454e-05
1.341484894510358572e-04
1.154235942522063851e-04
9.384725126437842846e-05
9.666747064329683781e-05
7.602907862747088075e-05
1.212619026773609221e-04
1.164178829640150070e-04
7.140341767808422446e-05
9.046695777215063572e-05
1.185780929517932236e-04
9.057172428583726287e-05
7.799112790962681174e-05
9.546249930281192064e-05
1.076466578524559736e-04
8.646307105664163828e-05
7.668665784876793623e-05
7.330602966248989105e-05
8.384145621675997972e-05
1.643791329115629196e-04
1.179444589070044458e-04
1.282737212022766471e-04
9.131817205343395472e-05
1.305886835325509310e-04
1.528212596895173192e-04
1.338051515631377697e-04
1.041909636114723980e-04
5.573579692281782627e-04
1.481612416682764888e-04
1.744789624353870749e-04
1.198874597321264446e-04
1.141607062891125679e-04
1.176837322418577969e-04
1.147221919381991029e-04
9.130346734309569001e-05
8.370514115085825324e-05
8.999297278933227062e-05
1.075703039532527328e-04
1.414923899574205279e-04
9.545750071993097663e-05
9.819518891163170338e-05
1.247459586011245847e-04
1.294261892326176167e-04
1.007773316814564168e-04
1.282389130210503936e-04
1.731419324642047286e-04
9.580701589584350586e-05
1.512505696155130863e-04
1.070940852514468133e-04
6.280758680077269673e-05
1.041074792738072574e-04
8.073257049545645714e-05
8.760792115936055779e-05
7.291063229786232114e-05
2.165649348171427846e-04
1.114894985221326351e-04
1.121193054132163525e-04
1.101124944398179650e-04
1.117158826673403382e-04
1.310255756834521890e-04
8.080415864242240787e-05
1.853119028965011239e-04
1.030687999445945024e-04
8.877737127477303147e-05
8.305625669891014695e-05
7.191676559159532189e-05
9.501324529992416501e-05
1.143791887443512678e-04
8.107703615678474307e-05
1.344798802165314555e-04
7.153248589020222425e-05
1.253982627531513572e-04
8.835889457259327173e-05
9.115276770899072289e-05
8.062036795308813453e-05
8.724779763724654913e-05
8.007820724742487073e-05
1.073083985829725862e-04
7.698882109252735972e-05
1.240468700416386127e-04
9.146251250058412552e-05
9.682735981186851859e-05
7.164099952206015587e-05
7.858784374548122287e-05
8.231525862356647849e-05
8.760435594012960792e-05
8.187571074813604355e-05
1.242137659573927522e-04
1.097831700462847948e-04
8.689650712767615914e-05
1.504022366134449840e-04
8.480713586322963238e-05
1.165404828498139977e-04
2.647661021910607815e-04
1.426158123649656773e-04
1.136028149630874395e-04
1.082605667761527002e-04
1.665411837166175246e-04
9.660968498792499304e-05
8.717668970348313451e-05
8.082942076725885272e-05
1.268583873752504587e-04
1.022123033180832863e-04
1.096400155802257359e-04
1.166878646472468972e-04
1.274116075364872813e-04
1.210204791277647018e-04
9.242239320883527398e-05
1.451875577913597226e-04
1.494468888267874718e-04
1.397881133016198874e-04
1.114133410737849772e-04
8.137715485645458102e-05
