1.115742605179548264e-02
1.771253161132335663e-02
2.188806980848312378e-02
1.380919478833675385e-02
2.349280864000320435e-01
8.713711053133010864e-02
1.358673535287380219e-02
1.676487922668457031e-02
3.833683580160140991e-02
4.211159050464630127e-02
1.461491920053958893e-02
6.852470040321350098e-01
1.250498741865158081e-02
1.097629033029079437e-02
1.189628988504409790e-02
1.312403567135334015e-02
1.045357063412666321e-02
1.092130970209836960e-02
1.057387702167034149e-02
1.276319008320569992e-02
1.140464190393686295e-02
1.122192759066820145e-02
1.143819000571966171e-02
1.321364939212799072e-02
1.044721808284521103e-02
9.759603999555110931e-03
1.067951507866382599e-02
1.104262005537748337e-02
1.191641110926866531e-02
1.035841554403305054e-02
1.091504096984863281e-02
1.083242613822221756e-02
1.032368466258049011e-02
1.048320718109607697e-02
1.166132837533950806e-02
7.245647311210632324e-01
9.662359356880187988e-01
9.680980443954467773e-01
9.459846019744873047e-01
9.523726105690002441e-01
9.396642446517944336e-01
6.587775945663452148e-01
8.428299427032470703e-01
9.633781909942626953e-01
9.765817783772945404e-03
1.034641824662685394e-02
1.128950901329517365e-02
5.837100148200988770e-01
1.300051957368850708e-01
1.033931598067283630e-01
1.862161755561828613e-01
1.583582721650600433e-02
4.148235917091369629e-02
1.044979989528656006e-01
7.581371068954467773e-01
1.018671393394470215e-01
2.763592824339866638e-02
7.626270651817321777e-01
7.568759322166442871e-01
2.398150265216827393e-01
4.527158439159393311e-01
9.298445582389831543e-01
8.331326246261596680e-01
1.614810712635517120e-02
2.367888689041137695e-01
1.777924969792366028e-02
3.193709999322891235e-02
4.710852503776550293e-01
1.968828588724136353e-02
1.566931232810020447e-02
8.911497592926025391e-01
3.106487095355987549e-01
8.942044973373413086e-01
3.468667268753051758e-01
5.278269052505493164e-01
5.302075743675231934e-01
9.369488358497619629e-01
9.175589680671691895e-01
1.737779825925827026e-01
8.781840205192565918e-01
2.789465785026550293e-01
5.720773339271545410e-02
4.029762446880340576e-01
1.140930689871311188e-02
1.229733787477016449e-02
4.567036032676696777e-02
1.454807352274656296e-02
1.236937381327152252e-02
1.446372717618942261e-01
1.252535730600357056e-02
1.071273349225521088e-02
1.174077950417995453e-02
1.138598285615444183e-02
1.110017579048871994e-02
1.227819733321666718e-02
1.079493761062622070e-02
1.118834782391786575e-02
1.118561998009681702e-02
1.179137174040079117e-02
1.027224585413932800e-02
1.139496546238660812e-02
1.219788007438182831e-02
1.327174622565507889e-02
1.211075671017169952e-02
1.082608383148908615e-02
1.207077316939830780e-02
1.235996000468730927e-02
1.329745911061763763e-02
1.132611464709043503e-02
8.365952409803867340e-03
1.197115425020456314e-02
1.013930421322584152e-02
9.649454616010189056e-03
3.644210845232009888e-02
1.342123933136463165e-02
1.177981216460466385e-02
9.003655053675174713e-03
1.049921661615371704e-02
1.126630604267120361e-02
7.516746968030929565e-02
1.067199930548667908e-02
1.027934532612562180e-02
1.096602994948625565e-02
1.048402581363916397e-02
9.464875794947147369e-03
1.203730795532464981e-02
1.752536371350288391e-02
1.039535552263259888e-02
1.185019873082637787e-02
1.095016952604055405e-02
1.397980377078056335e-02
1.147786341607570648e-02
1.145786978304386139e-02
1.124671846628189087e-02
1.133680623024702072e-02
1.077015791088342667e-02
1.076008193194866180e-02
1.688952893018722534e-01
1.164023950695991516e-02
1.136995013803243637e-02
1.087840087711811066e-02
1.170383859425783157e-02
9.925617836415767670e-03
1.188724860548973083e-02
9.788056835532188416e-03
9.811628609895706177e-03
9.586994536221027374e-03
1.247582118958234787e-02
1.001630257815122604e-02
9.604553692042827606e-03
1.355987042188644409e-02
1.879956573247909546e-02
1.105581503361463547e-02
1.118597202003002167e-02
1.081738807260990143e-02
1.270164269953966141e-02
1.177742891013622284e-02
1.319774892181158066e-02
1.149104721844196320e-02
1.201451756060123444e-02
1.070814114063978195e-02
1.030686404556035995e-02
9.875448420643806458e-03
1.269490551203489304e-02
1.222982350736856461e-02
9.283748455345630646e-03
1.134182047098875046e-02
1.217145379632711411e-02
1.178095489740371704e-02
1.300147268921136856e-02
1.923789083957672119e-02
1.161505095660686493e-02
1.215442549437284470e-02
3.327692151069641113e-01
7.044127583503723145e-02
1.047493796795606613e-02
1.275716163218021393e-02
1.172722876071929932e-02
1.003377605229616165e-02
1.032969262450933456e-02
1.073148287832736969e-02
9.253595955669879913e-03
9.557988494634628296e-03
1.208635047078132629e-02
1.108675915747880936e-02
1.070212852209806442e-02
1.317772828042507172e-02
1.060246396809816360e-02
9.091069921851158142e-03
1.006131060421466827e-02
1.192066352814435959e-02
1.049518398940563202e-02
1.098252553492784500e-02
9.632168337702751160e-03
1.120044663548469543e-02
1.115511264652013779e-02
1.030659209936857224e-02
1.053573284298181534e-02
1.101954467594623566e-02
9.814335033297538757e-03
1.077383570373058319e-02
1.117792818695306778e-02
1.059279404580593109e-02
1.014629099518060684e-02
1.386117935180664062e-02
1.093276217579841614e-02
1.201414968818426132e-02
1.121239550411701202e-02
9.004415273666381836e-01
7.261303663253784180e-01
4.291383326053619385e-01
9.322364926338195801e-01
9.534770622849464417e-03
3.786515444517135620e-02
6.516603827476501465e-01
8.340877294540405273e-01
1.043588444590568542e-01
7.520244121551513672e-01
7.218443751335144043e-01
2.611432783305644989e-02
1.117796301841735840e-01
1.077620591968297958e-02
8.889279328286647797e-03
8.536716923117637634e-03
7.848796434700489044e-03
8.845658041536808014e-03
9.318364784121513367e-03
1.120177004486322403e-02
9.813638404011726379e-03
1.072385534644126892e-02
1.315284892916679382e-02
2.634259685873985291e-02
1.120032370090484619e-02
1.598067209124565125e-02
1.179936155676841736e-02
1.097661163657903671e-02
1.059861853718757629e-02
1.064989343285560608e-02
1.156409922987222672e-02
1.069624535739421844e-02
1.156054623425006866e-02
1.846671849489212036e-02
1.108350139111280441e-02
1.062190718948841095e-02
9.678956121206283569e-03
1.161266677081584930e-02
1.350432261824607849e-02
1.044644601643085480e-02
7.971503585577011108e-02
9.537639617919921875e-01
9.603403210639953613e-01
9.357582330703735352e-01
9.549524784088134766e-01
9.496520161628723145e-01
9.686782956123352051e-01
9.623557925224304199e-01
9.381411671638488770e-01
9.648141860961914062e-01
9.413552880287170410e-01
9.712041616439819336e-01
9.605666995048522949e-01
9.371421337127685547e-01
9.554772377014160156e-01
9.525929093360900879e-01
8.218727707862854004e-01
8.380848765373229980e-01
9.636355638504028320e-01
9.515177011489868164e-01
6.396482586860656738e-01
1.219931840896606445e-01
6.611213088035583496e-01
9.423397183418273926e-01
8.837025165557861328e-01
9.682115912437438965e-01
9.686267375946044922e-01
9.470196962356567383e-01
9.566722512245178223e-01
8.941646218299865723e-01
4.853191673755645752e-01
9.191238284111022949e-01
9.562667012214660645e-01
9.165452718734741211e-01
9.041543006896972656e-01
9.600571393966674805e-01
9.551535844802856445e-01
9.441991448402404785e-01
9.499712586402893066e-01
9.625238776206970215e-01
9.137749671936035156e-01
5.257035493850708008e-01
2.075019106268882751e-02
1.170505676418542862e-02
1.196390576660633087e-02
9.959936141967773438e-03
1.035110466182231903e-02
1.253171078860759735e-02
1.176822930574417114e-02
1.173216570168733597e-02
1.070796139538288116e-02
1.051761582493782043e-02
1.199140958487987518e-02
1.488052401691675186e-02
1.080105081200599670e-02
1.108084339648485184e-02
1.480403076857328415e-02
1.056283060461282730e-02
1.023775525391101837e-02
1.236493885517120361e-02
1.468555256724357605e-02
1.090988703072071075e-02
1.084782928228378296e-02
1.063091028481721878e-02
1.063119806349277496e-02
1.055966317653656006e-02
3.126394748687744141e-02
1.265310496091842651e-02
8.931591510772705078e-01
8.639249801635742188e-01
1.980593800544738770e-01
1.920204609632492065e-02
9.720950722694396973e-01
9.388571381568908691e-01
9.482102394104003906e-01
9.629461169242858887e-01
9.540510773658752441e-01
9.327639937400817871e-01
9.649839401245117188e-01
9.384078383445739746e-01
9.695959091186523438e-01
9.577854871749877930e-01
9.483243823051452637e-01
9.400948286056518555e-01
9.055059552192687988e-01
9.585785269737243652e-01
9.483849406242370605e-01
9.671318531036376953e-01
9.681215286254882812e-01
9.692191481590270996e-01
9.525891542434692383e-01
9.294834136962890625e-01
2.051285654306411743e-02
3.358991444110870361e-02
7.888609915971755981e-02
9.565001726150512695e-01
9.333037137985229492e-01
9.515966773033142090e-01
9.681179523468017578e-01
4.367031753063201904e-01
9.649661183357238770e-01
9.598460793495178223e-01
1.077865157276391983e-02
1.049778517335653305e-02
1.109371893107891083e-02
1.062594540417194366e-02
1.085778605192899704e-02
1.098860241472721100e-02
1.141883525997400284e-02
1.117503270506858826e-02
1.099424902349710464e-02
1.196979451924562454e-02
1.342432107776403427e-02
9.759689681231975555e-03
1.093096099793910980e-02
1.177893858402967453e-02
1.067516114562749863e-02
1.122116949409246445e-02
1.027746871113777161e-02
1.072837505489587784e-02
2.568899467587471008e-02
1.305742282420396805e-02
8.876724168658256531e-03
8.387752808630466461e-03
1.095614675432443619e-02
1.200747955590486526e-02
1.130154728889465332e-02
9.185710921883583069e-03
1.358558796346187592e-02
1.134109031409025192e-02
1.150174252688884735e-02
1.246037799865007401e-02
4.310373961925506592e-02
1.137408986687660217e-02
1.040778122842311859e-02
6.832966208457946777e-01
1.302202697843313217e-02
3.522961437702178955e-01
8.832923173904418945e-01
9.654595851898193359e-01
9.351542592048645020e-01
9.424191713333129883e-01
9.243627786636352539e-01
9.633357524871826172e-01
9.107369184494018555e-01
9.258574247360229492e-01
9.672799110412597656e-01
9.578512310981750488e-01
9.531409144401550293e-01
7.343300580978393555e-01
9.219321012496948242e-01
9.656229615211486816e-01
9.490994215011596680e-01
9.620296955108642578e-01
9.589560627937316895e-01
1.739685237407684326e-02
1.254977751523256302e-02
1.510767191648483276e-01
9.653864502906799316e-01
9.567753672599792480e-01
9.489587545394897461e-01
9.393960237503051758e-01
9.661883115768432617e-01
9.561129808425903320e-01
9.473856091499328613e-01
3.505034148693084717e-01
1.069404184818267822e-02
1.013460662215948105e-02
2.001000195741653442e-02
1.042577810585498810e-02
1.062853261828422546e-02
1.084423623979091644e-02
1.102295517921447754e-02
1.213268376886844635e-02
1.046513766050338745e-02
1.263258233666419983e-02
1.238745078444480896e-02
1.155817229300737381e-02
1.094492431730031967e-02
9.686584584414958954e-03
1.091831456869840622e-02
1.367380749434232712e-02
9.908741340041160583e-03
1.131439767777919769e-02
1.020120270550251007e-02
1.538636256009340286e-02
1.172370836138725281e-02
1.119023095816373825e-02
9.874716401100158691e-03
1.243971195071935654e-02
1.150703988969326019e-02
1.108243595808744431e-02
1.196708902716636658e-02
1.012791227549314499e-02
1.054360717535018921e-02
1.038304995745420456e-02
1.166628580540418625e-02
9.050037711858749390e-03
1.073226891458034515e-02
1.158775668591260910e-02
1.565812341868877411e-02
1.088150031864643097e-02
1.200288534164428711e-02
1.174532901495695114e-02
1.217428967356681824e-02
1.063681580126285553e-02
1.042415946722030640e-02
1.141538657248020172e-02
1.089387852698564529e-02
1.121719926595687866e-02
1.059197075664997101e-02
1.041424833238124847e-02
9.310677647590637207e-03
1.132500637322664261e-02
1.179810240864753723e-02
1.082103513181209564e-02
1.045817323029041290e-02
1.045636460185050964e-02
1.208981499075889587e-02
1.125828363001346588e-02
1.124420948326587677e-02
1.173627004027366638e-02
1.183759793639183044e-02
1.194644160568714142e-02
1.684431545436382294e-02
1.244060415774583817e-02
1.183524448424577713e-02
1.085432246327400208e-02
1.281058788299560547e-02
1.156519632786512375e-02
1.047429814934730530e-02
1.201392989605665207e-02
1.156804710626602173e-02
1.161695644259452820e-02
1.056387275457382202e-02
1.036976836621761322e-02
1.180829294025897980e-02
1.120779849588871002e-02
1.099179498851299286e-02
9.384847246110439301e-03
1.019560918211936951e-02
1.021646708250045776e-02
1.007793843746185303e-02
1.577670872211456299e-02
1.036584377288818359e-02
1.284373085945844650e-02
1.444702874869108200e-02
1.096491143107414246e-02
1.073283981531858444e-02
1.063764002174139023e-02
1.139340829104185104e-02
1.010976266115903854e-02
1.491871923208236694e-01
9.696448221802711487e-03
1.011723279953002930e-02
1.185975410044193268e-02
1.166839804500341415e-02
1.043540518730878830e-02
1.112690754234790802e-02
1.165806129574775696e-02
1.932171173393726349e-02
1.372524537146091461e-02
1.079494412988424301e-02
1.632063835859298706e-02
1.025194209069013596e-02
7.937665283679962158e-02
9.822324849665164948e-03
1.018293574452400208e-02
1.076056901365518570e-02
1.540118642151355743e-02
1.026372518390417099e-02
1.119145750999450684e-02
1.823285035789012909e-02
1.100397761911153793e-02
1.014095172286033630e-02
1.039507053792476654e-02
1.080540847033262253e-02
1.082673855125904083e-02
1.030855998396873474e-02
1.061345823109149933e-02
1.030768454074859619e-02
9.692058898508548737e-03
1.044370140880346298e-02
1.145179569721221924e-02
1.012081466615200043e-02
9.515111334621906281e-03
1.017643231898546219e-02
1.030862051993608475e-02
1.384354382753372192e-02
1.094503141939640045e-02
2.771723866462707520e-01
8.121916055679321289e-01
2.228347212076187134e-02
1.261036936193704605e-02
9.538766741752624512e-01
9.589884281158447266e-01
9.385899305343627930e-01
9.259819984436035156e-01
9.698888063430786133e-01
9.444023966789245605e-01
9.708619117736816406e-01
9.643694162368774414e-01
2.089312672615051270e-01
9.634171724319458008e-01
9.690856337547302246e-01
9.279251098632812500e-01
9.458144307136535645e-01
9.714862108230590820e-01
4.697959125041961670e-01
9.642782807350158691e-01
1.528443396091461182e-02
9.345168471336364746e-01
9.203385114669799805e-01
1.291119009256362915e-01
9.399362802505493164e-01
9.699836969375610352e-01
9.590563178062438965e-01
9.578036069869995117e-01
9.593554735183715820e-01
2.392080426216125488e-01
9.371633529663085938e-01
8.803682327270507812e-01
9.429733753204345703e-01
9.467669129371643066e-01
9.476560950279235840e-01
6.983287930488586426e-01
9.609318971633911133e-01
9.450974464416503906e-01
9.599997401237487793e-01
9.211212992668151855e-01
9.570670127868652344e-01
9.362218379974365234e-01
4.222987219691276550e-02
9.332186579704284668e-01
8.208697438240051270e-01
9.535680413246154785e-01
9.206861257553100586e-01
9.684427380561828613e-01
2.721350491046905518e-01
1.024256180971860886e-02
1.065024081617593765e-02
1.248248852789402008e-02
1.531280390918254852e-02
3.703057765960693359e-01
3.023163378238677979e-01
1.374813169240951538e-01
5.308928340673446655e-02
8.641956448554992676e-01
4.953181743621826172e-01
1.039849892258644104e-01
4.747665822505950928e-01
2.975253760814666748e-01
2.608594112098217010e-02
5.559457540512084961e-01
6.493440270423889160e-01
4.430197179317474365e-01
2.228427827358245850e-01
8.468087762594223022e-02
2.514753490686416626e-02
6.057426333427429199e-01
9.633700847625732422e-01
9.422020316123962402e-01
1.597397029399871826e-01
7.130644917488098145e-01
8.271831274032592773e-01
7.658866047859191895e-01
1.367811020463705063e-02
3.580679893493652344e-01
7.546368837356567383e-01
1.171303633600473404e-02
1.365730352699756622e-02
1.039484143257141113e-02
1.257913559675216675e-02
1.108993310481309891e-02
1.074642315506935120e-02
1.053271535784006119e-02
1.274566911160945892e-02
1.061759423464536667e-02
1.048604398965835571e-02
1.607094705104827881e-02
1.163406949490308762e-02
1.103593781590461731e-02
6.388053297996520996e-02
9.398421272635459900e-03
1.120535098016262054e-02
1.178272254765033722e-02
1.205937284976243973e-02
8.365167304873466492e-03
1.068196445703506470e-02
1.112526189535856247e-02
1.038789749145507812e-02
9.540054947137832642e-03
1.474433299154043198e-02
1.150111015886068344e-02
1.386324036866426468e-02
1.105070766061544418e-02
1.941847428679466248e-02
1.029615662992000580e-02
1.237236708402633667e-02
3.462120890617370605e-02
1.220312993973493576e-02
1.488103903830051422e-02
1.273766532540321350e-02
1.201129145920276642e-02
1.083790324628353119e-02
1.129451766610145569e-02
1.233152486383914948e-02
1.067590340971946716e-02
8.015149235725402832e-01
9.545994997024536133e-01
8.991761207580566406e-01
9.500333666801452637e-01
9.302553534507751465e-01
9.540189504623413086e-01
9.454076886177062988e-01
9.571036696434020996e-01
1.658825427293777466e-01
1.571652591228485107e-01
2.524477541446685791e-01
2.168768271803855896e-02
1.595607772469520569e-02
1.343638356775045395e-02
1.489164773374795914e-02
7.562462985515594482e-02
1.714316941797733307e-02
2.517729625105857849e-02
9.517379105091094971e-02
9.587514996528625488e-01
9.025873541831970215e-01
9.538048505783081055e-01
9.406808018684387207e-01
9.651690721511840820e-01
9.541383385658264160e-01
9.547215104103088379e-01
9.574319720268249512e-01
8.965834379196166992e-01
9.517628550529479980e-01
9.623793959617614746e-01
9.720804095268249512e-01
9.482415914535522461e-01
9.585447907447814941e-01
9.562205672264099121e-01
8.996493816375732422e-01
9.278099536895751953e-01
9.248541593551635742e-01
8.747692704200744629e-01
9.466995000839233398e-01
8.955851197242736816e-01
9.676948785781860352e-01
9.591065049171447754e-01
9.629713892936706543e-01
9.223000407218933105e-01
9.619532823562622070e-01
9.546371698379516602e-01
9.387607574462890625e-01
9.476410746574401855e-01
2.165389619767665863e-02
4.414457827806472778e-02
4.184255003929138184e-02
1.689327508211135864e-02
9.438884854316711426e-01
9.695512652397155762e-01
9.731644988059997559e-01
9.416295886039733887e-01
9.506025910377502441e-01
9.618079066276550293e-01
1.067169848829507828e-02
1.116303261369466782e-02
1.186864357441663742e-02
1.176985912024974823e-02
1.166242547333240509e-02
1.258344762027263641e-02
1.174890436232089996e-02
1.172281522303819656e-02
1.026332844048738480e-02
1.034844759851694107e-02
2.351965196430683136e-02
2.670615538954734802e-02
7.877266407012939453e-02
3.056242465972900391e-01
3.120606951415538788e-02
1.555654685944318771e-02
8.158980607986450195e-01
9.578817486763000488e-01
9.661729335784912109e-01
9.587003588676452637e-01
9.454733729362487793e-01
9.547262787818908691e-01
8.842961788177490234e-01
9.391464591026306152e-01
8.683955073356628418e-01
9.604104757308959961e-01
9.586430191993713379e-01
4.522832334041595459e-01
6.988598108291625977e-01
6.477380394935607910e-01
1.941628754138946533e-02
3.051455877721309662e-02
9.515212178230285645e-01
1.036177203059196472e-02
1.094212755560874939e-02
9.677553549408912659e-03
1.146899815648794174e-02
1.681879162788391113e-02
1.134277414530515671e-02
1.194772310554981232e-02
1.029445696622133255e-02
1.060070283710956573e-02
1.119652576744556427e-02
1.125562191009521484e-02
7.266543805599212646e-03
9.509357810020446777e-01
9.411092996597290039e-01
8.295652270317077637e-01
9.614915847778320312e-01
9.294202923774719238e-01
9.638240337371826172e-01
9.559540748596191406e-01
9.463165402412414551e-01
9.673445820808410645e-01
9.455183744430541992e-01
1.741262339055538177e-02
1.543072909116744995e-01
9.402251839637756348e-01
9.298856854438781738e-01
9.594899415969848633e-01
9.607210755348205566e-01
8.627525568008422852e-01
8.983427286148071289e-02
6.076974272727966309e-01
9.556393623352050781e-01
9.465607404708862305e-01
9.384731054306030273e-01
5.476595461368560791e-02
1.408863253891468048e-02
6.320787072181701660e-01
9.158016443252563477e-01
6.631616353988647461e-01
7.857249677181243896e-02
9.686610102653503418e-01
9.671415686607360840e-01
9.528188705444335938e-01
4.609913825988769531e-01
9.528529047966003418e-01
9.569488167762756348e-01
2.988129295408725739e-02
1.227438822388648987e-02
4.110272228717803955e-01
8.838480710983276367e-02
9.604645967483520508e-01
9.293494224548339844e-01
9.090376496315002441e-01
9.613924622535705566e-01
9.167060852050781250e-01
9.640425443649291992e-01
3.598978370428085327e-02
1.796256378293037415e-02
1.288059633225202560e-02
1.042507123202085495e-02
9.080852381885051727e-03
1.262298319488763809e-02
1.043777633458375931e-02
1.080186665058135986e-02
9.821579791605472565e-03
1.004097424447536469e-02
1.172351837158203125e-02
1.197061687707901001e-02
1.122808363288640976e-02
1.244876161217689514e-02
1.151857338845729828e-02
1.230845041573047638e-02
1.237007323652505875e-02
1.162182167172431946e-02
1.074515096843242645e-02
1.123338751494884491e-02
1.407808903604745865e-02
1.057440508157014847e-02
1.045960187911987305e-02
1.118459831923246384e-02
1.174116786569356918e-02
1.180708128958940506e-02
2.434918470680713654e-02
1.153642777353525162e-02
1.038412749767303467e-02
1.183767803013324738e-02
1.010440755635499954e-02
1.069638505578041077e-02
8.585731498897075653e-03
9.944370947778224945e-03
1.112386398017406464e-02
9.930277243256568909e-03
1.146145537495613098e-02
9.488187730312347412e-03
1.090129837393760681e-02
1.198503561317920685e-02
1.040811091661453247e-02
1.176468096673488617e-02
1.252991519868373871e-02
1.106455177068710327e-02
9.896263480186462402e-03
1.050034165382385254e-02
1.022376120090484619e-02
1.361529622226953506e-02
2.141843736171722412e-02
1.354770213365554810e-01
1.236728951334953308e-02
1.161251403391361237e-02
1.034248434007167816e-02
1.007589511573314667e-02
1.130360364913940430e-02
1.349616143852472305e-02
1.172162592411041260e-02
9.902526624500751495e-03
1.031247619539499283e-02
1.422766968607902527e-02
1.207959372550249100e-02
1.126541756093502045e-02
1.123151741921901703e-02
1.066455338150262833e-02
1.257761940360069275e-02
1.168095320463180542e-02
9.680170565843582153e-03
1.264334935694932938e-02
1.158999931067228317e-02
1.211098115891218185e-02
1.139333471655845642e-02
1.083365082740783691e-02
1.052455324679613113e-02
1.099086180329322815e-02
1.065091229975223541e-02
1.405570656061172485e-02
1.036414410918951035e-02
1.002658996731042862e-02
1.113246940076351166e-02
1.127004530280828476e-02
1.250063069164752960e-02
1.198805030435323715e-02
1.076163351535797119e-02
1.070840936154127121e-02
1.051437761634588242e-02
9.791362099349498749e-03
1.082555670291185379e-02
1.177495811134576797e-02
9.862943552434444427e-03
1.113655976951122284e-02
1.267734449356794357e-02
1.429013442248106003e-02
9.887905791401863098e-03
1.531367097049951553e-02
1.100970525294542313e-02
1.293454878032207489e-02
1.036512944847345352e-02
1.126539334654808044e-02
1.981235295534133911e-02
1.147141307592391968e-02
1.293888408690690994e-02
9.480725973844528198e-03
1.138682290911674500e-02
1.207527611404657364e-02
1.283915061503648758e-02
1.011301949620246887e-02
1.346324104815721512e-02
1.176639646291732788e-02
1.269162166863679886e-02
1.159132830798625946e-02
1.054809428751468658e-02
1.212686114013195038e-02
1.065269205719232559e-02
1.461936719715595245e-02
1.187427621334791183e-02
1.133042201399803162e-02
1.173845678567886353e-02
8.439249359071254730e-03
9.836017154157161713e-03
1.128233689814805984e-02
1.756360754370689392e-02
1.275892369449138641e-02
1.088481396436691284e-02
9.644312784075737000e-03
1.138012390583753586e-02
1.203513704240322113e-02
1.250460278242826462e-02
1.115986425429582596e-02
1.106964889913797379e-02
1.049333252012729645e-02
1.213158573955297470e-02
1.130356080830097198e-02
1.079311408102512360e-02
1.172377914190292358e-02
1.010297983884811401e-02
1.114954333752393723e-02
1.344640739262104034e-02
1.065874472260475159e-02
1.624225638806819916e-02
9.446108937263488770e-01
9.380419254302978516e-01
1.489266157150268555e-01
1.052991375327110291e-01
4.067982733249664307e-02
7.480598688125610352e-01
9.145144820213317871e-01
9.417793154716491699e-01
7.845299839973449707e-01
6.005647182464599609e-01
9.518750309944152832e-01
9.332631230354309082e-01
9.384576082229614258e-01
2.361086010932922363e-02
1.955418288707733154e-02
3.374823927879333496e-02
1.024293620139360428e-02
1.067797001451253891e-02
1.064794789999723434e-02
9.708466939628124237e-03
1.179460249841213226e-02
2.191061154007911682e-02
1.599320769309997559e-02
1.133051794022321701e-02
1.066325604915618896e-02
2.183582261204719543e-02
7.720896005630493164e-01
9.138879179954528809e-01
9.484068155288696289e-01
9.576011896133422852e-01
5.838972330093383789e-02
3.584780544042587280e-02
1.416901405900716782e-02
9.567896723747253418e-01
9.580696225166320801e-01
8.739705085754394531e-01
8.866345882415771484e-01
9.305751323699951172e-01
9.140266180038452148e-01
9.292890429496765137e-01
9.557816982269287109e-01
9.661186933517456055e-01
9.475998878479003906e-01
9.627387523651123047e-01
9.578763246536254883e-01
7.999243736267089844e-01
9.599131941795349121e-01
9.500003457069396973e-01
1.533296518027782440e-02
8.558124303817749023e-02
1.876407861709594727e-02
6.229209899902343750e-02
4.391409456729888916e-02
1.031876131892204285e-01
9.354385733604431152e-01
3.847336024045944214e-02
9.517087340354919434e-01
9.701616168022155762e-01
