2.603964135050773621e-02
1.081664860248565674e-01
1.923211067914962769e-01
5.196120217442512512e-02
3.945975899696350098e-01
1.518850475549697876e-01
5.767494812607765198e-02
8.883023262023925781e-02
1.476662158966064453e-01
1.348480284214019775e-01
7.527662813663482666e-02
5.579074621200561523e-01
1.158873438835144043e-01
4.509927704930305481e-02
6.185997650027275085e-02
7.207427918910980225e-02
4.472107812762260437e-02
9.559735655784606934e-02
5.752606317400932312e-02
1.418663561344146729e-01
6.481407582759857178e-02
8.406834304332733154e-02
5.979910120368003845e-02
1.103336960077285767e-01
4.531609639525413513e-02
3.185708448290824890e-02
5.108195170760154724e-02
2.614028379321098328e-02
6.852780282497406006e-02
5.030049011111259460e-02
4.603883251547813416e-02
5.034219846129417419e-02
2.563365176320075989e-02
4.530952498316764832e-02
7.414710521697998047e-02
3.989757895469665527e-01
7.695286273956298828e-01
8.677467107772827148e-01
7.979922294616699219e-01
7.473393678665161133e-01
7.103698253631591797e-01
3.546006083488464355e-01
6.039223074913024902e-01
8.162935376167297363e-01
2.695966884493827820e-02
5.644151940941810608e-02
1.084306463599205017e-02
2.894708514213562012e-01
2.087999284267425537e-01
1.552519351243972778e-01
1.727810204029083252e-01
8.830028772354125977e-02
1.910786032676696777e-01
2.185924500226974487e-01
4.061768651008605957e-01
1.930969059467315674e-01
1.670736521482467651e-01
4.599829018115997314e-01
4.474986791610717773e-01
2.622428536415100098e-01
2.693978846073150635e-01
5.882680416107177734e-01
4.716029465198516846e-01
1.018254756927490234e-01
3.341407179832458496e-01
1.064188778400421143e-01
1.864160448312759399e-01
3.943912386894226074e-01
1.321426779031753540e-01
6.493699550628662109e-02
4.656102359294891357e-01
2.142420262098312378e-01
4.823639392852783203e-01
1.974431276321411133e-01
3.554313182830810547e-01
2.701162695884704590e-01
7.420533299446105957e-01
6.653907299041748047e-01
2.203700244426727295e-01
4.832444190979003906e-01
2.906413674354553223e-01
1.233091950416564941e-01
3.303133845329284668e-01
6.966446340084075928e-02
5.581090226769447327e-02
1.396333277225494385e-01
8.806163072586059570e-02
7.297515869140625000e-02
1.416933536529541016e-01
8.050945401191711426e-02
4.622780159115791321e-02
7.199339568614959717e-02
4.059597477316856384e-02
6.528006494045257568e-02
8.244673907756805420e-02
5.029122903943061829e-02
6.041400507092475891e-02
4.759278520941734314e-02
4.192749038338661194e-02
1.976044848561286926e-02
4.820707812905311584e-02
1.223920732736587524e-01
1.427798867225646973e-01
1.113349795341491699e-01
2.046085521578788757e-02
8.633697032928466797e-02
1.097578704357147217e-01
5.644864961504936218e-02
5.150790885090827942e-02
1.456715613603591919e-01
1.013899892568588257e-01
1.735516265034675598e-02
2.856366708874702454e-02
8.742605149745941162e-02
7.515804469585418701e-02
7.177785038948059082e-02
3.455367311835289001e-02
1.268909871578216553e-01
6.797268986701965332e-02
2.588746249675750732e-01
4.940059408545494080e-02
4.426031932234764099e-02
2.554883435368537903e-02
5.028530582785606384e-02
3.430389985442161560e-02
9.452892839908599854e-02
1.633474081754684448e-01
3.396725282073020935e-02
1.041983366012573242e-01
5.094176903367042542e-02
1.214745789766311646e-01
6.244069710373878479e-02
7.306540012359619141e-02
5.926368758082389832e-02
4.531196877360343933e-02
5.824814364314079285e-02
2.412791177630424500e-02
2.617305815219879150e-01
7.112970948219299316e-02
4.269812628626823425e-02
4.440498724579811096e-02
8.969385921955108643e-02
3.437853232026100159e-02
6.251326203346252441e-02
3.028400614857673645e-02
3.762972727417945862e-02
1.321176812052726746e-02
5.872176960110664368e-02
3.727559372782707214e-02
1.848504319787025452e-02
1.455997824668884277e-01
1.697064638137817383e-01
6.146661564707756042e-02
5.240881815552711487e-02
2.603916451334953308e-02
9.234736859798431396e-02
1.002426147460937500e-01
1.419867426156997681e-01
7.323437929153442383e-02
1.090703755617141724e-01
4.236856475472450256e-02
5.409097298979759216e-02
2.701903507113456726e-02
1.124706417322158813e-01
7.820941507816314697e-02
2.964234724640846252e-02
6.824202835559844971e-02
8.294175565242767334e-02
1.027554273605346680e-01
1.098293811082839966e-01
9.036324918270111084e-02
5.744805559515953064e-02
1.202054917812347412e-01
4.616890549659729004e-01
1.861531287431716919e-01
5.791177973151206970e-02
1.106297075748443604e-01
5.661955848336219788e-02
1.620236411690711975e-02
3.220712020993232727e-02
6.174084916710853577e-02
3.768116608262062073e-02
5.323978886008262634e-02
6.124006584286689758e-02
3.685009106993675232e-02
4.268671199679374695e-02
7.814481854438781738e-02
3.093786910176277161e-02
3.093237802386283875e-02
4.022914543747901917e-02
7.803179323673248291e-02
4.497615620493888855e-02
6.124601885676383972e-02
8.031506091356277466e-03
3.986206278204917908e-02
5.835309252142906189e-02
3.832485899329185486e-02
4.431935772299766541e-02
4.892270639538764954e-02
2.161497250199317932e-02
6.246304884552955627e-02
3.918220475316047668e-02
1.973415538668632507e-02
3.912207856774330139e-02
1.296671628952026367e-01
4.371302202343940735e-02
1.146055757999420166e-01
5.928261950612068176e-02
5.395901203155517578e-01
4.350085556507110596e-01
2.158753424882888794e-01
4.896330833435058594e-01
4.395302012562751770e-02
1.242068260908126831e-01
4.477792978286743164e-01
4.449577927589416504e-01
1.971171200275421143e-01
3.487996459007263184e-01
4.684158861637115479e-01
1.599458605051040649e-01
1.796921193599700928e-01
4.602353647351264954e-02
1.872213557362556458e-02
6.654139608144760132e-03
4.119872674345970154e-02
4.503247514367103577e-02
2.936812862753868103e-02
4.676604643464088440e-02
3.169180825352668762e-02
5.297077074646949768e-02
1.111561357975006104e-01
8.959077298641204834e-02
6.964491307735443115e-02
1.667989492416381836e-01
8.010800182819366455e-02
4.523789510130882263e-02
3.575362637639045715e-02
6.498004496097564697e-02
6.789450347423553467e-02
5.101762339472770691e-02
6.792435050010681152e-02
1.983906626701354980e-01
4.330211505293846130e-02
6.255197525024414062e-02
2.471158280968666077e-02
3.819815441966056824e-02
6.990709900856018066e-02
4.929181560873985291e-02
1.987943649291992188e-01
8.265901803970336914e-01
8.154897689819335938e-01
8.616082668304443359e-01
7.492952942848205566e-01
8.892061114311218262e-01
9.417490959167480469e-01
8.338837623596191406e-01
7.785580158233642578e-01
8.779891133308410645e-01
8.784741163253784180e-01
9.103848934173583984e-01
9.045666456222534180e-01
8.474276661872863770e-01
8.173198699951171875e-01
8.110045194625854492e-01
5.531387329101562500e-01
5.941540598869323730e-01
8.240149617195129395e-01
8.636482357978820801e-01
5.413211584091186523e-01
3.259630203247070312e-01
4.434560835361480713e-01
8.328231573104858398e-01
8.051665425300598145e-01
7.954473495483398438e-01
9.039054512977600098e-01
8.879456520080566406e-01
9.417259693145751953e-01
8.240740895271301270e-01
5.387434959411621094e-01
8.356350660324096680e-01
7.341442704200744629e-01
7.749838232994079590e-01
7.530533075332641602e-01
7.946823835372924805e-01
8.679373264312744141e-01
8.808057308197021484e-01
7.996354699134826660e-01
9.075884222984313965e-01
7.458412647247314453e-01
5.433356761932373047e-01
1.128275841474533081e-01
6.368799507617950439e-02
6.580871343612670898e-02
3.752039745450019836e-02
5.908985808491706848e-02
9.181438386440277100e-02
5.334103479981422424e-02
4.548676684498786926e-02
3.932004049420356750e-02
5.708288773894309998e-02
9.056866168975830078e-02
1.336887925863265991e-01
7.799233496189117432e-02
5.135307833552360535e-02
1.465086191892623901e-01
5.536908283829689026e-02
5.129757151007652283e-02
8.117257058620452881e-02
1.324556022882461548e-01
4.649570211768150330e-02
1.749536022543907166e-02
5.540856346487998962e-02
2.938362583518028259e-02
6.393660604953765869e-02
1.341057568788528442e-01
5.075741931796073914e-02
6.712259054183959961e-01
6.984925270080566406e-01
3.492256999015808105e-01
9.828153252601623535e-02
9.559162855148315430e-01
8.387165665626525879e-01
7.895164489746093750e-01
8.549293875694274902e-01
8.586377501487731934e-01
8.682124614715576172e-01
9.282153844833374023e-01
8.608376979827880859e-01
9.705294370651245117e-01
7.472138404846191406e-01
8.112392425537109375e-01
7.969750165939331055e-01
7.920420169830322266e-01
9.026621580123901367e-01
8.939926624298095703e-01
9.115341901779174805e-01
8.900281190872192383e-01
9.155076742172241211e-01
8.934558629989624023e-01
7.873457670211791992e-01
1.261143535375595093e-01
2.062425315380096436e-01
3.013052940368652344e-01
8.710368871688842773e-01
8.154690265655517578e-01
8.034017086029052734e-01
8.166745901107788086e-01
4.383579194545745850e-01
8.964083790779113770e-01
8.670698404312133789e-01
3.852361813187599182e-02
3.277115151286125183e-02
6.469357013702392578e-02
5.446773394942283630e-02
5.540039017796516418e-02
4.572259262204170227e-02
1.185428351163864136e-01
7.114447653293609619e-02
5.396766588091850281e-02
6.171175464987754822e-02
1.071097552776336670e-01
2.462543174624443054e-02
4.344661906361579895e-02
3.736875578761100769e-02
4.086486622691154480e-02
5.617455765604972839e-02
3.299777582287788391e-02
3.842486068606376648e-02
1.012084037065505981e-01
1.124171316623687744e-01
5.484326556324958801e-02
-3.319233655929565430e-06
5.490021780133247375e-02
7.653291523456573486e-02
4.970211163163185120e-02
1.268843933939933777e-02
7.483088970184326172e-02
6.934121251106262207e-02
9.182319045066833496e-02
1.453900486230850220e-01
2.230812907218933105e-01
5.321748182177543640e-02
4.060493782162666321e-02
2.322369813919067383e-01
5.826399847865104675e-02
4.193770885467529297e-01
7.589879631996154785e-01
8.597180843353271484e-01
8.234930038452148438e-01
7.464337944984436035e-01
7.954897284507751465e-01
9.343434572219848633e-01
7.372717857360839844e-01
8.182052373886108398e-01
8.574861288070678711e-01
8.967472910881042480e-01
8.733862638473510742e-01
5.696497559547424316e-01
8.337396383285522461e-01
9.403269290924072266e-01
8.356691598892211914e-01
8.888262510299682617e-01
7.721492648124694824e-01
9.132730960845947266e-02
4.332123324275016785e-02
2.763362824916839600e-01
8.966255187988281250e-01
9.280138015747070312e-01
8.874140977859497070e-01
7.730951309204101562e-01
9.391762018203735352e-01
8.139641284942626953e-01
8.862442970275878906e-01
3.706750869750976562e-01
4.821832850575447083e-02
3.250566497445106506e-02
1.911037266254425049e-01
3.965229913592338562e-02
3.909837082028388977e-02
5.410987511277198792e-02
5.318520590662956238e-02
7.257284224033355713e-02
3.926916792988777161e-02
6.164335086941719055e-02
1.079684942960739136e-01
4.517917707562446594e-02
3.837968781590461731e-02
3.936624899506568909e-02
5.082305893301963806e-02
1.597158163785934448e-01
4.050795361399650574e-02
4.318108037114143372e-02
2.841513976454734802e-02
1.255488246679306030e-01
9.274132549762725830e-02
6.110603734850883484e-02
3.847623988986015320e-02
9.594960510730743408e-02
7.686284184455871582e-02
1.092907041311264038e-01
9.941838681697845459e-02
2.960286661982536316e-02
3.688963130116462708e-02
3.663240000605583191e-02
5.071054771542549133e-02
3.519866243004798889e-02
4.925695434212684631e-02
6.266377866268157959e-02
1.583217531442642212e-01
5.146384611725807190e-02
1.096760332584381104e-01
6.173869594931602478e-02
7.102170586585998535e-02
4.747364297509193420e-02
4.403897747397422791e-02
4.908004775643348694e-02
3.243330493569374084e-02
5.404439941048622131e-02
3.643192723393440247e-02
4.565342888236045837e-02
2.158616110682487488e-02
5.691037699580192566e-02
9.039591252803802490e-02
3.805189207196235657e-02
4.995614662766456604e-02
5.960987135767936707e-02
6.502327322959899902e-02
2.315006777644157410e-02
5.530828610062599182e-02
1.131102293729782104e-01
5.480688437819480896e-02
8.085548877716064453e-02
1.661047637462615967e-01
8.239191770553588867e-02
7.814468443393707275e-02
4.664321616291999817e-02
1.036235690116882324e-01
6.068015471100807190e-02
4.615921899676322937e-02
8.869212865829467773e-02
7.236143946647644043e-02
8.145961165428161621e-02
4.600071534514427185e-02
1.703457906842231750e-02
6.373977661132812500e-02
3.023503348231315613e-02
5.091627314686775208e-02
2.142118290066719055e-02
1.460671797394752502e-02
2.793085947632789612e-02
5.095695331692695618e-02
5.774098262190818787e-02
7.559596002101898193e-02
7.579539716243743896e-02
1.608891040086746216e-01
5.364140495657920837e-02
3.531735762953758240e-02
3.999599441885948181e-02
4.821342602372169495e-02
3.383590653538703918e-02
3.058130145072937012e-01
1.880108192563056946e-02
4.067889228463172913e-02
7.076087594032287598e-02
6.978239119052886963e-02
7.020707428455352783e-02
5.542131140828132629e-02
5.659553036093711853e-02
1.026689261198043823e-01
4.584167525172233582e-02
3.142122551798820496e-02
6.189638003706932068e-02
4.377619549632072449e-02
2.511724233627319336e-01
3.661497309803962708e-02
4.091018065810203552e-02
4.454275593161582947e-02
1.023792475461959839e-01
6.070146337151527405e-02
4.623099043965339661e-02
1.590673625469207764e-01
6.399105489253997803e-02
2.345762029290199280e-02
3.460974618792533875e-02
3.583573177456855774e-02
4.096597805619239807e-02
4.979442432522773743e-02
4.183837398886680603e-02
1.404968276619911194e-02
6.108898669481277466e-03
3.623175993561744690e-02
6.876365840435028076e-02
4.378693923354148865e-02
2.486584708094596863e-02
3.674784675240516663e-02
1.572060212492942810e-02
1.216370910406112671e-01
5.928850546479225159e-02
4.965106844902038574e-01
6.985547542572021484e-01
1.338384896516799927e-01
5.794607475399971008e-02
7.911051511764526367e-01
8.875319957733154297e-01
7.841482162475585938e-01
8.098007440567016602e-01
9.053059816360473633e-01
8.705128431320190430e-01
9.573481678962707520e-01
9.161728024482727051e-01
3.337210416793823242e-01
9.359476566314697266e-01
8.484801650047302246e-01
7.198943495750427246e-01
7.501512169837951660e-01
9.081597924232482910e-01
5.694057345390319824e-01
8.277975320816040039e-01
9.087558090686798096e-02
8.458145856857299805e-01
8.316495418548583984e-01
3.342031240463256836e-01
7.514574527740478516e-01
9.399801492691040039e-01
9.297605156898498535e-01
8.990170955657958984e-01
8.800749778747558594e-01
3.086666166782379150e-01
8.014135360717773438e-01
7.803016901016235352e-01
7.701630592346191406e-01
8.762619495391845703e-01
7.149388790130615234e-01
5.398507714271545410e-01
8.356974124908447266e-01
8.935296535491943359e-01
8.795420527458190918e-01
7.715646028518676758e-01
8.055918812751770020e-01
8.313232660293579102e-01
2.223935574293136597e-01
6.350411176681518555e-01
7.414739131927490234e-01
6.714273691177368164e-01
8.184111714363098145e-01
8.869209885597229004e-01
3.996840715408325195e-01
5.737701430916786194e-02
6.297123432159423828e-02
4.896732792258262634e-02
1.134607344865798950e-01
2.287954986095428467e-01
1.840602159500122070e-01
1.979043185710906982e-01
1.247113645076751709e-01
5.526613593101501465e-01
3.227936029434204102e-01
1.878045052289962769e-01
2.873653769493103027e-01
2.535077333450317383e-01
1.153418570756912231e-01
3.099802732467651367e-01
3.149163126945495605e-01
3.309122920036315918e-01
2.429609149694442749e-01
2.612693309783935547e-01
8.714726567268371582e-02
3.998259902000427246e-01
8.616130948066711426e-01
6.695842742919921875e-01
2.478191405534744263e-01
4.562360942363739014e-01
5.453513860702514648e-01
4.227639436721801758e-01
6.408424675464630127e-02
2.847777009010314941e-01
3.621675968170166016e-01
9.958986937999725342e-02
1.091758161783218384e-01
3.259944543242454529e-02
8.532588183879852295e-02
7.981386780738830566e-02
5.012276396155357361e-02
4.731833562254905701e-02
1.123661249876022339e-01
8.810006082057952881e-02
4.960181936621665955e-02
1.662715971469879150e-01
6.024105474352836609e-02
5.380402877926826477e-02
1.094428300857543945e-01
2.537343278527259827e-02
4.151848331093788147e-02
8.399967849254608154e-02
8.942271769046783447e-02
4.134288802742958069e-02
3.413027152419090271e-02
6.531837582588195801e-02
3.315096721053123474e-02
4.422626271843910217e-02
1.514046043157577515e-01
7.862798869609832764e-02
1.332903057336807251e-01
5.496190860867500305e-02
1.767389774322509766e-01
2.598181739449501038e-02
7.755155861377716064e-02
1.203748285770416260e-01
9.136214852333068848e-02
1.280704140663146973e-01
9.265014529228210449e-02
1.012767106294631958e-01
5.890646949410438538e-02
5.719896778464317322e-02
1.136890053749084473e-01
4.663765057921409607e-02
7.105486392974853516e-01
8.237333297729492188e-01
6.377966403961181641e-01
8.278306126594543457e-01
8.144113421440124512e-01
7.349571585655212402e-01
8.405711650848388672e-01
8.241384029388427734e-01
2.366994321346282959e-01
3.286792039871215820e-01
3.294848203659057617e-01
1.137868314981460571e-01
8.464856445789337158e-02
7.888993620872497559e-02
7.838878035545349121e-02
2.484121918678283691e-01
8.093380928039550781e-02
1.189387887716293335e-01
3.347203731536865234e-01
8.131822943687438965e-01
7.506150603294372559e-01
8.605312108993530273e-01
8.544834852218627930e-01
8.698446750640869141e-01
8.703210353851318359e-01
8.586447238922119141e-01
7.788828015327453613e-01
8.195772767066955566e-01
8.803907632827758789e-01
9.295910596847534180e-01
9.618969559669494629e-01
8.687790632247924805e-01
9.120821952819824219e-01
8.257997035980224609e-01
7.151075601577758789e-01
8.511575460433959961e-01
8.416382074356079102e-01
7.291886806488037109e-01
8.789700269699096680e-01
6.092640757560729980e-01
8.177512884140014648e-01
7.948477268218994141e-01
8.969820737838745117e-01
6.404154300689697266e-01
8.084247112274169922e-01
8.512969017028808594e-01
7.511987686157226562e-01
8.215933442115783691e-01
1.336714178323745728e-01
1.417414695024490356e-01
2.166775763034820557e-01
6.439132988452911377e-02
7.283729910850524902e-01
9.227771759033203125e-01
8.758112788200378418e-01
8.249437808990478516e-01
7.949970960617065430e-01
8.821347951889038086e-01
3.312865272164344788e-02
4.817214980721473694e-02
8.134078979492187500e-02
9.977352619171142578e-02
4.822095856070518494e-02
1.010475903749465942e-01
7.372653484344482422e-02
7.867097854614257812e-02
6.741620600223541260e-02
3.466333076357841492e-02
8.471269905567169189e-02
1.915135234594345093e-01
2.570143938064575195e-01
4.204254150390625000e-01
1.205005943775177002e-01
8.038449287414550781e-02
6.491982340812683105e-01
8.679571151733398438e-01
9.155357480049133301e-01
8.520996570587158203e-01
7.564496397972106934e-01
7.712753415107727051e-01
7.882841229438781738e-01
7.958667278289794922e-01
6.653655171394348145e-01
8.830100297927856445e-01
8.260573148727416992e-01
4.248217046260833740e-01
6.214355826377868652e-01
6.146678924560546875e-01
1.061819493770599365e-01
1.832605004310607910e-01
9.147770404815673828e-01
3.638400509953498840e-02
9.731885790824890137e-02
2.939071133732795715e-02
9.316715598106384277e-02
6.435009837150573730e-02
5.089108273386955261e-02
6.699410080909729004e-02
4.544347897171974182e-02
4.079824313521385193e-02
5.959446355700492859e-02
4.363677278161048889e-02
3.033087775111198425e-02
8.465451002120971680e-01
7.409598827362060547e-01
5.320527553558349609e-01
8.206441998481750488e-01
8.417643904685974121e-01
8.819826841354370117e-01
8.578085303306579590e-01
8.936198353767395020e-01
9.298428297042846680e-01
8.776597976684570312e-01
1.028828769922256470e-01
3.322260677814483643e-01
8.804364204406738281e-01
7.638770341873168945e-01
9.245291948318481445e-01
8.685095310211181641e-01
7.325326204299926758e-01
3.514110445976257324e-01
5.243560075759887695e-01
8.247787952423095703e-01
8.819773197174072266e-01
8.468343019485473633e-01
2.005454003810882568e-01
5.033161118626594543e-02
5.116178393363952637e-01
7.631157040596008301e-01
5.800995826721191406e-01
2.820089757442474365e-01
8.460009098052978516e-01
8.975719213485717773e-01
7.473869323730468750e-01
4.897951483726501465e-01
8.283607959747314453e-01
8.147243857383728027e-01
1.986397206783294678e-01
8.134995400905609131e-02
4.663859307765960693e-01
2.506643235683441162e-01
8.801345229148864746e-01
7.779464721679687500e-01
7.298886775970458984e-01
9.013726711273193359e-01
7.832760810852050781e-01
8.664666414260864258e-01
1.883134543895721436e-01
1.291949450969696045e-01
1.360424757003784180e-01
5.092274025082588196e-02
5.865770205855369568e-02
1.006006598472595215e-01
7.235170900821685791e-02
2.672005072236061096e-02
3.011088445782661438e-02
3.899096325039863586e-02
6.459376215934753418e-02
7.195723056793212891e-02
3.499621525406837463e-02
1.629711985588073730e-01
7.278273999691009521e-02
1.027579754590988159e-01
9.991495311260223389e-02
6.012726947665214539e-02
4.773635044693946838e-02
3.620634600520133972e-02
5.586783215403556824e-02
3.932300582528114319e-02
3.135415539145469666e-02
7.236549258232116699e-02
6.212433055043220520e-02
6.059862300753593445e-02
1.356269717216491699e-01
1.104990094900131226e-01
2.925563976168632507e-02
8.466513454914093018e-02
4.840884730219841003e-02
3.038256242871284485e-02
3.797477856278419495e-02
1.959649845957756042e-02
4.728452488780021667e-02
3.786839917302131653e-02
7.045668363571166992e-02
1.380372419953346252e-02
2.078677341341972351e-02
4.039006307721138000e-02
4.221949353814125061e-02
3.195051476359367371e-02
7.575060427188873291e-02
5.590054020285606384e-02
4.292918369174003601e-02
5.066348984837532043e-02
3.796156868338584900e-02
1.269808858633041382e-01
1.018883287906646729e-01
2.929983139038085938e-01
1.058574318885803223e-01
6.624802947044372559e-02
2.109750732779502869e-02
2.908016368746757507e-02
4.165391996502876282e-02
1.169076859951019287e-01
7.027281820774078369e-02
5.818036571145057678e-02
4.946124926209449768e-02
1.948206424713134766e-01
6.561934947967529297e-02
6.553640961647033691e-02
6.574578583240509033e-02
1.436186209321022034e-02
1.014097481966018677e-01
4.805902019143104553e-02
5.989139154553413391e-02
8.938670158386230469e-02
8.387966454029083252e-02
9.028741717338562012e-02
6.471174955368041992e-02
4.225443676114082336e-02
1.936809346079826355e-02
4.401892051100730896e-02
5.852424725890159607e-02
7.904028892517089844e-02
3.817249462008476257e-02
3.753821179270744324e-02
5.285195633769035339e-02
5.529451742768287659e-02
8.875060081481933594e-02
5.148098245263099670e-02
3.382202610373497009e-02
4.435994103550910950e-02
4.447291418910026550e-02
1.654616370797157288e-02
3.816698119044303894e-02
7.156209647655487061e-02
3.208391740918159485e-02
5.658851936459541321e-02
1.063538789749145508e-01
7.085396349430084229e-02
2.212813869118690491e-02
1.827181130647659302e-01
5.186532810330390930e-02
7.199482619762420654e-02
3.185293450951576233e-02
6.512446701526641846e-02
1.605361402034759521e-01
6.270736455917358398e-02
8.678387105464935303e-02
3.407200053334236145e-02
3.992446139454841614e-02
3.803339228034019470e-02
8.312420547008514404e-02
4.667563363909721375e-02
1.262119561433792114e-01
7.174289226531982422e-02
3.546207770705223083e-02
5.218158289790153503e-02
3.645255044102668762e-02
6.727448105812072754e-02
2.870913222432136536e-02
1.443578153848648071e-01
7.801686227321624756e-02
6.970326602458953857e-02
6.375254690647125244e-02
6.790664047002792358e-03
4.929287359118461609e-02
5.468783155083656311e-02
1.412362456321716309e-01
9.556268155574798584e-02
5.714498832821846008e-02
4.166156426072120667e-02
6.150038167834281921e-02
7.099178433418273926e-02
7.061395049095153809e-02
6.139208748936653137e-02
5.362481251358985901e-02
3.474258258938789368e-02
6.275038421154022217e-02
8.284720778465270996e-02
3.811395540833473206e-02
6.162208691239356995e-02
4.198639467358589172e-02
7.287225127220153809e-02
1.149082034826278687e-01
1.187857836484909058e-01
1.562395393848419189e-01
7.961668968200683594e-01
7.895852923393249512e-01
2.356862425804138184e-01
2.033048272132873535e-01
1.245645731687545776e-01
6.000684499740600586e-01
7.514811754226684570e-01
8.682621121406555176e-01
6.496299505233764648e-01
4.610208868980407715e-01
8.855851888656616211e-01
8.389741182327270508e-01
8.793286681175231934e-01
1.049118041992187500e-01
9.887602925300598145e-02
6.987531483173370361e-02
1.411161944270133972e-02
4.149368777871131897e-02
5.984912440180778503e-02
2.803995832800865173e-02
5.671528354287147522e-02
1.642692387104034424e-01
1.064057499170303345e-01
5.313354358077049255e-02
5.149256810545921326e-02
1.240518987178802490e-01
5.727820396423339844e-01
7.879565954208374023e-01
8.265719413757324219e-01
8.193515539169311523e-01
2.198182940483093262e-01
1.334498226642608643e-01
1.046590209007263184e-01
8.858982324600219727e-01
8.577607870101928711e-01
7.435482740402221680e-01
7.694028615951538086e-01
8.069801330566406250e-01
7.541215419769287109e-01
8.617668151855468750e-01
8.963425159454345703e-01
8.743935823440551758e-01
8.880447149276733398e-01
7.892247438430786133e-01
8.321071863174438477e-01
5.263805389404296875e-01
8.010938167572021484e-01
8.305163979530334473e-01
9.163440763950347900e-02
1.786897331476211548e-01
1.182545870542526245e-01
2.768073976039886475e-01
1.809989660978317261e-01
1.354055404663085938e-01
5.385318398475646973e-01
1.421208828687667847e-01
8.127924203872680664e-01
9.192728996276855469e-01
