1.364924851804971695e-02
4.391370806843042374e-03
3.911341074854135513e-03
4.646699875593185425e-03
4.010122735053300858e-03
4.302063491195440292e-03
3.893540473654866219e-03
3.983917646110057831e-03
4.091845359653234482e-03
3.745924215763807297e-03
3.268649568781256676e-03
3.087496152147650719e-03
2.952909097075462341e-03
2.925296546891331673e-03
2.908940892666578293e-03
3.621948184445500374e-03
2.985930070281028748e-03
3.132805693894624710e-03
4.157860297709703445e-03
3.222730476409196854e-03
3.637532005086541176e-03
3.921611234545707703e-03
3.126458730548620224e-03
2.692884765565395355e-03
2.337927930057048798e-03
2.382598118856549263e-03
3.198190825060009956e-03
2.486510435119271278e-03
2.765233395621180534e-03
2.185403136536478996e-03
2.495494671165943146e-03
2.262789523229002953e-03
3.080490743741393089e-03
2.480980707332491875e-03
2.890680916607379913e-03
2.340316772460937500e-03
2.480915980413556099e-03
2.255101222544908524e-03
2.396022668108344078e-03
2.798286499455571175e-03
2.520296489819884300e-03
2.692844485864043236e-03
2.589700743556022644e-03
2.374050440266728401e-03
2.542360918596386909e-03
1.875867252238094807e-03
2.822134410962462425e-03
2.613936085253953934e-03
2.483110642060637474e-03
3.168369177728891373e-03
2.673869719728827477e-03
2.560020657256245613e-03
2.699651289731264114e-03
1.941018970683217049e-03
3.135014325380325317e-03
1.979736378416419029e-03
1.495197415351867676e-03
2.114397706463932991e-03
1.986746909096837044e-03
2.267382340505719185e-03
2.831892576068639755e-03
2.003836445510387421e-03
2.676532603800296783e-03
1.805861829780042171e-03
2.273329067975282669e-03
2.791263163089752197e-03
2.146333921700716019e-03
2.339636906981468201e-03
2.009391319006681442e-03
2.348939189687371254e-03
2.368241548538208008e-03
1.728243543766438961e-03
1.762696774676442146e-03
1.958146691322326660e-03
2.501398324966430664e-03
2.534040715545415878e-03
1.663271454162895679e-03
2.589474897831678391e-03
2.304860623553395271e-03
2.025149296969175339e-03
2.200911054387688637e-03
1.652493258006870747e-03
1.929784193634986877e-03
1.617935136891901493e-03
2.630815375596284866e-03
2.932017901912331581e-03
2.511237282305955887e-03
1.623341348022222519e-03
2.672497183084487915e-03
1.807138090953230858e-03
1.572009641677141190e-03
1.982297049835324287e-03
2.050123643130064011e-03
2.131806453689932823e-03
1.971804071217775345e-03
2.453109482303261757e-03
1.387031981721520424e-03
2.237163716927170753e-03
2.141613280400633812e-03
1.668304787017405033e-03
1.391231431625783443e-03
2.601472195237874985e-03
2.404288854449987411e-03
1.653313054703176022e-03
2.450850326567888260e-03
2.479551360011100769e-03
2.466543577611446381e-03
2.832426922395825386e-03
1.663913251832127571e-03
2.191974082961678505e-03
1.559067168273031712e-03
2.442364580929279327e-03
1.877957838587462902e-03
1.564853591844439507e-03
2.028799382969737053e-03
1.927437609992921352e-03
1.760824001394212246e-03
2.058805665001273155e-03
2.283548237755894661e-03
2.068538917228579521e-03
1.706467242911458015e-03
2.059970749542117119e-03
1.833943068049848080e-03
1.837764983065426350e-03
1.525209052488207817e-03
1.967821270227432251e-03
1.600429997779428959e-03
1.617682282812893391e-03
1.474649761803448200e-03
1.514538656920194626e-03
2.101281890645623207e-03
1.541074016131460667e-03
2.139134099707007408e-03
2.383777871727943420e-03
1.746173365972936153e-03
2.508212812244892120e-03
1.698127249255776405e-03
1.663242117501795292e-03
2.205820754170417786e-03
2.377524273470044136e-03
1.806169166229665279e-03
1.520285848528146744e-03
1.343280659057199955e-03
2.321550622582435608e-03
2.474461682140827179e-03
1.856140559539198875e-03
1.755338627845048904e-03
1.943184528499841690e-03
1.866773352958261967e-03
2.029982395470142365e-03
1.194746117107570171e-03
1.919151749461889267e-03
2.274448284879326820e-03
2.763476222753524780e-03
2.042408334091305733e-03
1.417951425537467003e-03
2.532606711611151695e-03
1.549048000015318394e-03
1.845812774263322353e-03
1.851227483712136745e-03
2.529411809518933296e-03
2.461443888023495674e-03
1.766168046742677689e-03
2.192747313529253006e-03
2.272217301651835442e-03
2.778694499284029007e-03
2.299834974110126495e-03
1.668323879130184650e-03
1.254547503776848316e-03
2.536898013204336166e-03
2.716355258598923683e-03
2.284464426338672638e-03
1.975236693397164345e-03
2.137798583135008812e-03
2.218656241893768311e-03
1.855771406553685665e-03
1.646883785724639893e-03
2.098927507176995277e-03
2.056329278275370598e-03
2.234601415693759918e-03
1.954598119482398033e-03
2.800300018861889839e-03
2.527774544432759285e-03
1.949050696566700935e-03
2.737925620749592781e-03
1.682621776126325130e-03
1.807098160497844219e-03
2.662211889401078224e-03
2.230542479082942009e-03
2.030158415436744690e-03
3.062764415517449379e-03
1.914832275360822678e-03
2.270786324515938759e-03
2.443698002025485039e-03
2.079807454720139503e-03
2.398004988208413124e-03
1.181534957140684128e-03
1.849244465120136738e-03
1.442267908714711666e-03
1.692590070888400078e-03
