1.029756478965282440e-02
4.140828270465135574e-03
3.056983929127454758e-03
3.318075090646743774e-03
2.591841388493776321e-03
3.269474487751722336e-03
3.519663354381918907e-03
4.136911127716302872e-03
3.347612451761960983e-03
3.050545928999781609e-03
3.161539090797305107e-03
3.960452973842620850e-03
2.118426142260432243e-03
3.422800218686461449e-03
2.602085936814546585e-03
2.998806070536375046e-03
2.820071764290332794e-03
2.081612823531031609e-03
2.445789519697427750e-03
2.478572539985179901e-03
3.083213465288281441e-03
2.300157677382230759e-03
2.003780566155910492e-03
3.277404932305216789e-03
2.466610167175531387e-03
1.665227813646197319e-03
2.993976464495062828e-03
2.307274146005511284e-03
2.421913901343941689e-03
2.225373405963182449e-03
2.167240250855684280e-03
1.912195351906120777e-03
2.601136919111013412e-03
1.335838460363447666e-03
1.875123591162264347e-03
1.357711269520223141e-03
1.887512858957052231e-03
1.648058532737195492e-03
1.649744808673858643e-03
1.691081793978810310e-03
1.990431221202015877e-03
1.620278926566243172e-03
1.984107773751020432e-03
1.415122416801750660e-03
1.797545817680656910e-03
1.534509006887674332e-03
1.016529276967048645e-03
1.156539539806544781e-03
1.232273527421057224e-03
9.042447782121598721e-04
1.102538430131971836e-03
8.865420240908861160e-04
9.960874449461698532e-04
1.177721773274242878e-03
1.241893740370869637e-03
9.728304576128721237e-04
1.235061557963490486e-03
1.402537222020328045e-03
1.106701442040503025e-03
1.069020829163491726e-03
8.945211302489042282e-04
1.111324876546859741e-03
5.580572178587317467e-04
9.134926949627697468e-04
9.027701453305780888e-04
9.107901714742183685e-04
1.095858751796185970e-03
8.689035312272608280e-04
9.172429563477635384e-04
8.100130944512784481e-04
9.085665224120020866e-04
7.838153396733105183e-04
6.843584706075489521e-04
8.097382960841059685e-04
8.103379514068365097e-04
5.985393072478473186e-04
8.839739020913839340e-04
1.085644005797803402e-03
6.915225530974566936e-04
7.617737282998859882e-04
8.161726873368024826e-04
7.327347993850708008e-04
7.564024417661130428e-04
5.681521142832934856e-04
7.109020370990037918e-04
6.574299768544733524e-04
6.410977221094071865e-04
9.200225467793643475e-04
6.957113509997725487e-04
8.093100041151046753e-04
8.700580219738185406e-04
5.409564473666250706e-04
7.115085027180612087e-04
6.580943008884787560e-04
5.259820609353482723e-04
7.450975244864821434e-04
8.161142468452453613e-04
7.802912150509655476e-04
6.990978727117180824e-04
8.081145933829247952e-04
7.994830375537276268e-04
7.813271949999034405e-04
7.873552967794239521e-04
6.110222311690449715e-04
8.424354018643498421e-04
6.339672836475074291e-04
9.417487308382987976e-04
9.485779446549713612e-04
7.772299577482044697e-04
8.000122616067528725e-04
8.405398111790418625e-04
1.006456092000007629e-03
1.033157459460198879e-03
6.535978754982352257e-04
6.544705829583108425e-04
9.875026298686861992e-04
5.954836378805339336e-04
7.212535128928720951e-04
7.353249238803982735e-04
8.035007631406188011e-04
5.561610450968146324e-04
8.705118088982999325e-04
1.000472111627459526e-03
6.897551356814801693e-04
4.850469704251736403e-04
7.959706126712262630e-04
7.127143908292055130e-04
6.395091186277568340e-04
7.540911319665610790e-04
7.258396944962441921e-04
6.103825289756059647e-04
7.970283622853457928e-04
5.967589677311480045e-04
9.390630875714123249e-04
6.513140397146344185e-04
7.194855716079473495e-04
7.702498696744441986e-04
7.469032425433397293e-04
6.295932689681649208e-04
5.962106515653431416e-04
5.956064560450613499e-04
7.004506187513470650e-04
8.513696957379579544e-04
6.037898710928857327e-04
8.014145423658192158e-04
7.574025657959282398e-04
5.450824974104762077e-04
7.875943556427955627e-04
7.271215436048805714e-04
7.296024705283343792e-04
8.550806669518351555e-04
4.797918663825839758e-04
6.268836441449820995e-04
6.011142977513372898e-04
7.804855704307556152e-04
5.838990909978747368e-04
7.277978584170341492e-04
6.726998835802078247e-04
6.562300841324031353e-04
9.034287650138139725e-04
6.725431885570287704e-04
5.595815600827336311e-04
6.753919878974556923e-04
5.595215479843318462e-04
7.020171033218502998e-04
7.198670064099133015e-04
4.392715345602482557e-04
7.463361253030598164e-04
8.923028362914919853e-04
6.598150357604026794e-04
6.742359837517142296e-04
4.984196275472640991e-04
6.085860077291727066e-04
6.419498822651803493e-04
6.465534679591655731e-04
6.553578423336148262e-04
4.067323170602321625e-04
7.217237143777310848e-04
5.665709613822400570e-04
5.665611824952065945e-04
5.535733653232455254e-04
7.480053463950753212e-04
5.553943337872624397e-04
6.819552509114146233e-04
5.123792216181755066e-04
7.443574722856283188e-04
5.516523960977792740e-04
6.586053059436380863e-04
6.087623769417405128e-04
6.790102925151586533e-04
5.360670038498938084e-04
7.416681619361042976e-04
7.256087264977395535e-04
6.380566046573221684e-04
5.811274750158190727e-04
7.646499434486031532e-04
6.197823677211999893e-04
6.181715871207416058e-04
4.744462494272738695e-04
4.932939773425459862e-04
