4.996145516633987427e-02
4.093921557068824768e-02
3.916322812438011169e-02
3.562700748443603516e-02
2.275056950747966766e-02
2.704026177525520325e-02
2.384313941001892090e-02
1.759743131697177887e-02
2.324414625763893127e-02
1.953739859163761139e-02
1.724192872643470764e-02
1.154467836022377014e-02
1.232777535915374756e-02
1.023572869598865509e-02
8.856000378727912903e-03
9.663555771112442017e-03
9.154648520052433014e-03
5.101285874843597412e-03
6.005687639117240906e-03
7.077611517161130905e-03
5.445296410471200943e-03
3.873915644362568855e-03
3.331269836053252220e-03
4.086141474545001984e-03
3.958537708967924118e-03
3.048824612051248550e-03
2.681813202798366547e-03
2.577362349256873131e-03
2.542502246797084808e-03
3.105500945821404457e-03
2.257768763229250908e-03
2.142118057236075401e-03
2.061757491901516914e-03
1.669768011197447777e-03
1.435979851521551609e-03
2.059926977381110191e-03
1.533588394522666931e-03
1.331260311417281628e-03
1.182321924716234207e-03
1.161293475888669491e-03
1.618278562091290951e-03
1.155875273980200291e-03
1.271714223548769951e-03
8.828933350741863251e-04
1.045453827828168869e-03
1.020216848701238632e-03
1.054653897881507874e-03
1.150957075878977776e-03
8.736092131584882736e-04
7.983280811458826065e-04
1.120728440582752228e-03
8.657665457576513290e-04
8.420597296208143234e-04
8.610503282397985458e-04
8.474946371279656887e-04
8.409823058173060417e-04
1.068147365003824234e-03
6.836907123215496540e-04
8.042521076276898384e-04
9.931578533723950386e-04
7.216485682874917984e-04
8.328772964887320995e-04
8.617674466222524643e-04
8.630852098576724529e-04
5.898710805922746658e-04
6.424802122637629509e-04
6.780913099646568298e-04
8.818141650408506393e-04
7.423950592055916786e-04
6.928586517460644245e-04
6.352859782055020332e-04
8.757695322856307030e-04
6.985336658544838428e-04
6.199264316819608212e-04
5.809511058032512665e-04
8.479458629153668880e-04
7.182995323091745377e-04
8.185982587747275829e-04
6.845985772088170052e-04
9.354992071166634560e-04
7.149205775931477547e-04
6.580500630661845207e-04
7.025270606391131878e-04
7.462700014002621174e-04
7.410018006339669228e-04
7.364124176092445850e-04
7.795168785378336906e-04
5.992854712530970573e-04
8.633956313133239746e-04
8.298946777358651161e-04
6.598859908990561962e-04
7.369461236521601677e-04
7.706388132646679878e-04
7.442229543812572956e-04
8.278326713480055332e-04
7.841582410037517548e-04
7.493559969589114189e-04
6.467428756877779961e-04
7.475914899259805679e-04
8.062071283347904682e-04
7.132697501219809055e-04
8.325204253196716309e-04
6.974156713113188744e-04
7.126239361241459846e-04
8.513714419677853584e-04
7.409721729345619678e-04
7.662206771783530712e-04
5.792909068986773491e-04
7.372231339104473591e-04
6.391786155290901661e-04
8.683921187184751034e-04
5.079352413304150105e-04
8.776555769145488739e-04
9.302683756686747074e-04
5.462373956106603146e-04
6.951480754651129246e-04
7.132239406928420067e-04
7.798058213666081429e-04
7.783414330333471298e-04
6.837047403678297997e-04
7.667275494895875454e-04
1.058811321854591370e-03
7.506253896281123161e-04
9.250810253433883190e-04
8.822551462799310684e-04
7.411300903186202049e-04
6.499602459371089935e-04
6.401218124665319920e-04
7.032757275737822056e-04
5.154822138138115406e-04
6.787753081880509853e-04
7.789161754772067070e-04
7.736888946965336800e-04
5.790717550553381443e-04
7.823595078662037849e-04
